5
5
8
10
10
12
13
15
16
16
17
20
21
32
35
49
56
57
57
58
60
69
75
88
89
105
108
109
114
116
122
125
126
127
134
138
150
155
160
165
175
187
188
191
199
201
204
206
213
223
224
234
254
255
260
262
267
269
280
287
289
292
298
300
302
308
317
320
326
337
360
361
361
364
372
377
384
387
387
395
400
401
405
407
407
408
409
410
414
415
417
428
428
432
434
438
439
440
445
451
457
459
459
471
473
480
490
493
503
507
514
516
537
542
544
548
551
555
560
568
581
581
582
585
587
593
593
595
595
609
610
616
619
628
633
637
639
639
643
644
647
648
649
650
655
660
668
670
673
673
673
675
676
677
678
684
685
691
691
694
696
699
704
712
716
717
734
757
763
765
772
782
783
785
790
792
794
803
806
809
811
816
818
820
829
830
833
845
849
851
851
853
854
859
864
866
873
873
877
880
881
884
895
898
914
916
917
923
929
942
944
946
951
955
970
971
985
990
990
992
1003
1005
1005
1006
1019
1028
1028
1032
1036
1041
1048
1048
1057
1060
1061
1070
1072
1075
1075
1077
1083
1083
1089
1092
1094
1096
1096
1100
1102
1104
1114
1117
1117
1131
1132
1139
1141
1142
1156
1157
1160
1173
1177
1179
1185
1189
1192
1201
1202
1212
1213
1216
1227
1227
1242
1245
1252
1253
1258
1263
1267
1274
1280
1283
1287
1287
1288
1292
1295
1297
1299
1304
1312
1321
1321
1327
1328
1333
1333
1338
1344
1344
1346
1350
1353
1362
1365
1380
1384
1386
1388
1389
1399
1416
1416
1421
1424
1430
1432
1433
1436
1437
1440
1443
1444
1457
1465
1467
1468
1469
1470
1473
1473
1487
1488
1491
1498
1513
1520
1529
1541
1544
1547
1554
1560
1563
1566
1569
1575
1584
1590
1591
1596
1599
1601
1608
1614
1616
1620
1623
1624
1632
1633
1634
1635
1641
1643
1646
1649
1659
1668
1669
1682
1682
1691
1700
1706
1709
1717
1718
1728
1734
1740
1741
1747
1747
1757
1757
1762
1763
1766
1768
1770
1779
1781
1788
1791
1798
1798
1803
1812
1819
1821
1827
1829
1832
1834
1844
1844
1847
1856
1865
1870
1870
1879
1882
1882
1886
1887
1892
1894
1897
1901
1901
1914
1918
1920
1920
1923
1924
1937
1946
1948
1971
1971
1982
2008
2020
2030
2032
2048
2048
2050
2057
2061
2066
2071
2081
2083
2096
2099
2101
2105
2122
2124
2126
2132
2133
2142
2142
2144
2150
2155
2159
2168
2169
2170
2182
2204
2206
2214
2215
2216
2223
2232
2233
2238
2239
2240
2246
2253
2264
2270
2274
2298
2305
2306
2308
2309
2310
2315
2328
2331
2340
2340
2349
2353
2353
2354
2357
2374
2374
2386
2388
2399
2404
2404
2406
2406
2408
2410
2416
2417
2417
2423
2426
2430
2434
2437
2441
2442
2449
2470
2470
2474
2475
2475
2477
2480
2489
2490
2506
2511
2513
2516
2525
2526
2528
2531
2536
2544
2545
2554
2555
2556
2571
2573
2581
2582
2586
2589
2589
2591
2592
2593
2597
2605
2608
2610
2611
2612
2613
2624
2627
2630
2631
2631
2635
2636
2637
2642
2646
2650
2655
2655
2656
2658
2663
2664
2683
2686
2689
2691
2692
2703
2705
2713
2713
2717
2723
2736
2739
2739
2746
2749
2754
2756
2759
2763
2780
2803
2804
2804
2825
2831
2837
2840
2841
2842
2852
2859
2870
2873
2874
2874
2889
2889
2889
2904
2907
2912
2925
2931
2938
2946
2947
2947
2950
2951
2959
2968
2969
2969
2973
2974
2978
2981
2983
2986
2990
3014
3019
3024
3025
3028
3029
3034
3047
3048
3054
3055
3055
3060
3081
3084
3092
3092
3097
3098
3100
3108
3108
3112
3118
3131
3138
3149
3159
3159
3160
3162
3164
3167
3168
3169
3184
3190
3218
3229
3230
3234
3238
3244
3249
3256
3262
3264
3266
3269
3275
3282
3287
3295
3314
3317
3325
3328
3329
3336
3340
3345
3349
3357
3364
3371
3379
3384
3402
3417
3435
3438
3450
3453
3462
3467
3475
3495
3504
3505
3515
3515
3531
3534
3536
3543
3548
3548
3554
3558
3559
3561
3563
3563
3567
3569
3573
3577
3582
3585
3585
3587
3593
3597
3607
3619
3619
3640
3644
3645
3646
3655
3666
3678
3686
3689
3699
3700
3701
3714
3718
3721
3730
3736
3738
3749
3754
3776
3780
3800
3827
3832
3838
3839
3842
3844
3844
3849
3861
3868
3884
3894
3906
3906
3906
3922
3927
3929
3941
3952
3972
3981
3990
3995
3999
4001
4003
4004
4005
4023
4028
4043
4048
4075
4080
4107
4111
4116
4118
4119
4122
4132
4135
4164
4167
4175
4180
4184
4186
4187
4190
4195
4195
4195
4209
4211
4218
4223
4225
4238
4252
4259
4260
4272
4282
4298
4298
4306
4307
4316
4334
4337
4344
4360
4365
4380
4393
4393
4402
4408
4410
4421
4431
4438
4442
4452
4460
4487
4491
4492
4505
4506
4511
4520
4525
4535
4538
4542
4551
4554
4567
4570
4574
4581
4586
4592
4604
4620
4623
4644
4653
4657
4668
4672
4672
4678
4683
4687
4687
4690
4692
4693
4703
4712
4712
4715
4725
4728
4729
4736
4740
4748
4753
4756
4756
4765
4769
4775
4777
4781
4784
4789
4795
4795
4797
4798
4805
4809
4809
4809
4813
4818
4821
4822
4823
4844
4852
4861
4870
4882
4886
4903
4906
4910
4913
4915
4920
4936
4940
4948
4952
4962
4963
4964
4973
4976
4978
4990
4991
5007
5015
5021
5023
5027
5032
5047
5047
5056
5059
5066
5070
5078
5085
5086
5105
5108
5114
5116
5120
5123
5124
5133
5155
5155
5158
5166
5174
5204
5213
5227
5228
5229
5229
5230
5239
5248
5250
5260
5263
5271
5273
5277
5303
5304
5309
5328
5334
5336
5347
5379
5383
5387
5387
5396
5399
5400
5403
5425
5427
5431
5444
5463
5464
5466
5472
5482
5482
5489
5492
5501
5512
5512
5516
5518
5527
5534
5535
5558
5558
5564
5565
5565
5565
5568
5572
5578
5578
5581
5582
5586
5588
5593
5596
5599
5601
5603
5606
5609
5611
5614
5615
5626
5627
5629
5630
5636
5639
5648
5651
5661
5683
5683
5683
5689
5694
5700
5701
5705
5707
5716
5720
5724
5726
5730
5738
5747
5750
5751
5759
5764
5764
5769
5772
5783
5783
5793
5800
5804
5813
5817
5818
5820
5823
5830
5830
5833
5838
5845
5845
5866
5868
5870
5879
5883
5891
5897
5907
5910
5910
5911
5912
5913
5919
5921
5921
5953
5959
5964
5971
5973
5976
5978
5981
5988
5991
6004
6008
6010
6011
6013
6020
6025
6027
6033
6039
6046
6054
6054
6063
6066
6075
6080
6081
6083
6085
6088
6090
6092
6109
6114
6116
6118
6118
6122
6123
6123
6136
6163
6175
6178
6179
6189
6191
6197
6231
6232
6237
6245
6245
6250
6255
6269
6274
6275
6280
6280
6280
6284
6311
6330
6330
6331
6332
6334
6342
6355
6357
6362
6363
6370
6371
6381
6385
6392
6395
6398
6401
6408
6421
6424
6428
6432
6432
6433
6436
6437
6443
6443
6447
6464
6469
6470
6477
6498
6499
6503
6505
6519
6524
6525
6532
6551
6552
6565
6574
6574
6582
6585
6599
6605
6647
6649
6651
6668
6679
6685
6692
6702
6704
6707
6715
6718
6727
6727
6744
6782
6786
6797
6799
6802
6804
6814
6821
6834
6839
6842
6846
6853
6856
6861
6861
6866
6878
6899
6905
6915
6917
6919
6930
6935
6941
6944
6948
6950
6962
6989
6991
6998
7003
7008
7009
7017
7018
7029
7030
7035
7036
7056
7060
7064
7070
7071
7072
7079
7081
7086
7087
7096
7108
7110
7111
7116
7120
7123
7134
7138
7141
7151
7153
7160
7165
7181
7188
7198
7203
7209
7209
7238
7241
7243
7249
7253
7262
7267
7272
7276
7281
7287
7287
7295
7298
7304
7308
7313
7324
7327
7331
7345
7351
7354
7361
7367
7384
7393
7403
7407
7412
7425
7426
7436
7456
7457
7466
7479
7482
7491
7495
7496
7502
7510
7511
7517
7525
7528
7544
7544
7548
7549
7554
7555
7567
7571
7581
7591
7617
7656
7662
7664
7665
7670
7670
7676
7677
7681
7683
7702
7713
7714
7731
7746
7747
7770
7786
7797
7801
7802
7816
7817
7826
7833
7835
7846
7856
7868
7872
7873
7877
7881
7886
7900
7900
7909
7910
7912
7913
7922
7924
7930
7934
7949
7957
7958
7963
7966
7972
7983
7987
7999
8007
8012
8017
8031
8032
8041
8045
8056
8070
8077
8085
8086
8090
8098
8101
8102
8102
8105
8113
8116
8119
8120
8141
8145
8149
8150
8150
8152
8163
8164
8167
8171
8177
8178
8179
8184
8196
8197
8198
8199
8200
8203
8207
8215
8216
8217
8219
8221
8221
8224
8233
8235
8239
8243
8244
8247
8248
8256
8259
8261
8265
8274
8282
8289
8290
8296
8305
8306
8307
8318
8326
8327
8328
8338
8352
8355
8364
8368
8370
8372
8375
8389
8391
8400
8415
8419
8425
8427
8430
8435
8441
8441
8446
8452
8466
8470
8475
8478
8489
8491
8493
8494
8506
8536
8544
8547
8547
8557
8558
8562
8568
8569
8571
8574
8609
8610
8616
8620
8621
8621
8623
8628
8632
8635
8638
8643
8643
8657
8673
8673
8675
8687
8692
8714
8722
8730
8736
8738
8739
8743
8749
8749
8760
8767
8780
8783
8794
8796
8801
8804
8822
8828
8834
8834
8834
8846
8847
8852
8866
8893
8897
8902
8907
8911
8921
8929
8938
8957
8963
8985
8986
8988
9002
9004
9006
9007
9007
9013
9016
9017
9024
9025
9026
9026
9030
9030
9033
9043
9051
9054
9056
9060
9063
9071
9073
9075
9077
9081
9089
9092
9097
9110
9112
9115
9134
9140
9141
9157
9169
9170
9181
9187
9190
9194
9200
9205
9212
9224
9226
9229
9241
9244
9250
9255
9259
9272
9273
9304
9310
9313
9318
9322
9323
9329
9337
9338
9338
9357
9360
9363
9363
9367
9368
9381
9383
9385
9391
9395
9409
9411
9431
9431
9435
9441
9479
9488
9499
9516
9519
9540
9547
9548
9555
9567
9569
9575
9581
9586
9598
9603
9605
9611
9616
9622
9623
9634
9642
9643
9648
9654
9665
9675
9685
9689
9696
9698
9706
9711
9714
9717
9724
9738
9751
9755
9756
9774
9777
9785
9790
9794
9802
9815
9827
9834
9838
9845
9847
9853
9857
9858
9866
9867
9868
9872
9887
9889
9896
9900
9908
9914
9938
9938
9941
9942
9943
9945
9955
9956
9968
9978
9979
9983
9988
9996
10000
0
0
0
0
0
0
0
0
0
0
0
0
0
0
0
0
0
0
0
0
0
0
0
0
0
0
0
0
0
0
0
0
0
0
0
0
0
0
0
0
0
0
0
0
0
0
0
0
0
0
0
0
0
0
0
0
0
0
0
0
0
0
0
0
0
0
0
0
0
0
0
0
0
0
0
0
0
0
0
0
0
0
0
0
0
0
0
0
0
0
0
0
0
0
0
0
0
0
0
0
0
0
0
0
0
0
0
0
0
0
0
0
0
0
0
0
0
0
0
0
0
0
0
0
0
0
0
0
0
0
0
0
0
0
0
0
0
0
0
0
0
0
0
0
0
0
0
0
0
0
0
0
0
0
0
0
0
0
0
0
0
0
0
0
0
0
0
0
0
0
0
0
0
0
0
0
0
0
0
0
0
0
0
0
0
0
0
0
0
0
0
0
0
0
0
0
0
0
0
0
0
0
0
0
0
0
0
0
0
0
0
0
0
0
0
0
0
0
0
0
0
0
0
0
0
0
0
0
0
0
0
0
0
0
0
0
0
0
0
0
0
0
0
0
0
0
0
0
0
0
0
0
0
0
0
0
0
0
0
0
0
0
0
0
0
0
0
0
0
28732
0
0
29984
28944
28812
0
0
30128
29024
0
0
0
0
0
29156
29180
29204
29224
29246
29268
29284
29302
29328
29344
29372
29396
29422
29452
29460
29480
29494
29522
29540
0
29556
29570
29586
29598
29614
29632
29652
29662
29676
29686
29696
29708
29716
29724
29734
29744
29752
29762
29770
29780
29788
29798
29806
29816
29826
29836
29846
29856
29866
29876
29886
29896
0
2004941792
2005008112
1995779712
1995779728
1995759376
1995759632
1995771008
1995764624
1995776928
2005123888
2005002080
1995759424
1995773728
1995771648
1995741456
1995759392
1995856960
1995769024
1995765104
0
1976266000
1976130576
1976656012
1976267952
1976268096
1976533040
1976654752
1976328528
1976328656
1976654876
1976329312
1976649216
1976331728
1976266224
1976332160
1976284800
1976201920
1976329872
1976403376
1976385088
1976383648
1976202000
1976384192
1976408912
1976202480
1976470768
1976388784
1976384032
1976267376
1976473584
1976474304
1976393728
0
1698955476
1702126956
1953067587
1818321769
1952671059
7237481
1850015983
1131570548
1769236850
1399611747
1769235301
28271
1699152324
1920287604
1953391986
1668248144
7566181
1699152325
1920287604
1953391986
1668248144
1232302949
29950052
1131701575
1701999221
1750365294
1684104562
25673
1699152387
1935756404
1920091508
29295
1699152484
1635013492
1886745714
1868983881
41615425
1400137031
1702130553
1835619437
1181958501
1415933033
6647145
1699152535
1667847284
1970226027
29806
1850278635
1634301033
1702521196
1953067587
1818321769
1952671059
7237481
1699480358
1130722913
1769236850
1399611747
1769235301
28271
1968243603
1350136421
1868984933
1851878770
1866687843
1702129269
73859186
1433691475
1851877486
1684368484
1701017669
1869182064
1818838638
7497076
1817379956
7365989
1700004994
1852403058
1348826209
1701015410
29555
1817445513
1952794483
1970037078
76939365
1634233941
1701602414
1668826468
1769238629
1766223471
1919251564
79036416
1953655126
1349280117
1702129522
29795
1767244985
1635087474
1702187372
31090
1600061496
1869376612
1769497966
3866740
1701273439
1767992692
1735549294
3932275
1852399455
1852142697
4522102
1668046687
1601597039
1953066601
6881280
1702059871
1885429620
2037669744
25968
1600061548
1970562419
1836213619
1701344353
29298
1633615995
1818520931
9502830
1936548191
2019909479
29801
1667170466
1953069157
17956864
1869440607
25956
1767833949
1953786222
7172709
1767833953
25199
1818165706
7037807
1868497520
1769497966
54984820
1819178335
7037807
1650525212
7631471
1633879083
1668246636
70647808
1953069157
70844416
1869374310
25971
1868956740
7234928
1885733958
1953393010
72155238
1701147238
72417280
1633907558
26222
2003174488
1702127986
75956224
1819042157
25455
1701643408
2037408621
77004800
1852404336
26228
1970275482
1634231156
78315634
1852270963
27745
1953694909
1852140658
79691776
1852994675
7368035
1719010529
1852404336
26228
28672
28672
28672
28672
28672
28672
28672
28672
28672
28672
28672
28672
28672
28672
28672
28672
28672
28672
28672
1314014539
842222661
1819042862
0
28692
28692
28692
28692
28692
28692
28692
28692
28692
28692
28692
28692
28692
28692
28692
28692
28692
28692
28692
28692
28692
28692
28692
28692
28692
28692
28692
28692
28692
28692
28692
28692
1668707181
1680766066
27756
0
0
0
0
0
0
0
0
0
0
0
0
0
0
0
0
0
0
0
0
0
0
0
0
0
0
0
0
0
0
0
0
0
0
0
0
0
0
0
0
0
0
0
0
0
0
0
0
0
0
0
0
0
0
0
0
0
0
0
0
0
0
0
0
0
0
0
0
0
0
0
0
0
0
0
0
0
0
0
0
0
0
0
0
0
0
0
0
0
0
0
0
0
0
0
0
0
0
0
0
0
0
0
0
0
0
0
0
0
0
0
0
0
0
0
0
0
0
0
0
0
0
0
0
0
0
0
0
0
0
0
0
0
0
0
0
0
0
0
0
0
0
0
0
0
0
0
0
0
0
0
0
0
0
0
0
0
0
0
0
0
0
0
0
0
0
0
0
0
0
0
0
0
0
0
0
0
0
0
0
0
0
0
0
0
0
0
0
0
0
0
0
0
0
0
0
0
0
0
0
0
0
0
0
0
0
0
0
0
0
0
0
0
0
0
0
0
0
0
0
0
0
0
0
0
0
0
0
0
0
0
0
0
0
0
0
0
0
0
0
0
0
0
0
0
0
0
0
0
0
0
0
0
0
0
0
0
0
0
0
0
0
0
0
0
0
0
0
0
0
0
0
0
0
0
0
0
0
0
0
0
0
0
0
0
0
0
0
0
0
0
0
0
0
0
0
0
0
0
0
0
0
0
0
0
0
0
0
0
0
0
0
0
0
0
0
0
0
0
0
0
0
0
0
0
0
0
0
0
0
0
0
0
0
0
0
0
0
0
0
0
0
0
0
0
0
0
0
0
0
0
0
0
0
0
0
0
0
0
0
0
0
0
0
0
0
0
0
0
0
0
0
0
0
0
0
0
0
0
0
0
0
0
0
0
0
0
0
0
0
0
0
0
0
0
0
0
0
0
0
0
0
0
0
0
0
0
0
0
0
0
0
0
0
0
0
0
0
0
0
0
0
0
0
0
0
0
0
0
0
0
0
0
0
0
0
0
0
0
0
0
0
0
0
0
0
0
0
0
0
0
0
0
0
0
0
0
0
0
0
0
0
0
0
0
0
0
0
0
0
0
0
0
0
0
0
0
0
0
0
0
0
0
0
0
0
0
0
0
0
0
0
0
0
0
0
0
0
0
0
0
0
0
0
0
0
0
0
0
0
0
0
0
0
0
0
0
0
0
0
0
0
0
0
0
0
0
0
0
0
0
0
0
0
0
0
0
0
0
0
0
0
0
0
0
0
0
0
0
0
0
0
0
0
0
0
0
0
0
0
0
0
0
0
0
0
0
0
0
0
0
0
0
0
0
0
0
0
0
0
0
0
0
0
0
0
0
0
0
0
0
0
0
0
0
0
0
0
0
0
0
0
0
0
0
0
0
0
0
0
0
0
0
0
0
0
0
0
0
0
0
0
0
0
0
0
0
0
0
0
0
0
0
0
0
0
0
0
0
0
0
0
0
0
0
0
0
0
0
0
0
0
0
0
0
0
0
0
4198704
0
0
4198416
4200448
0
0
4200304
4200224
0
0
0
0
0
0
0
0
0
0
0
0
0
0
0
0
0
0
0
0
0
0
0
0
0
0
0
0
0
0
0
0
0
0
0
0
0
0
0
0
0
0
0
0
0
0
0
0
0
0
0
0
0
0
0
0
0
0
0
0
0
0
0
0
0
0
0
0
0
0
0
0
0
0
0
0
0
0
0
0
0
0
0
0
0
0
0
0
0
0
0
0
0
0
0
0
0
0
0
0
0
0
0
0
0
0
0
0
0
0
0
0
0
0
0
0
0
0
0
0
0
0
0
0
0
0
0
0
0
0
0
0
0
0
0
0
0
0
0
0
0
0
0
0
0
0
0
0
0
0
0
0
0
0
0
0
0
0
0
0
0
0
0
0
0
0
0
0
0
0
0
0
0
0
0
0
0
0
0
0
0
0
0
0
0
0
0
0
0
0
0
0
0
0
0
0
0
0
0
0
0
0
0
0
0
0
0
0
0
0
0
0
0
0
0
0
0
0
0
0
0
0
0
0
0
0
0
0
0
0
0
0
0
0
0
0
0
0
0
0
0
0
0
0
0
0
0
0
0
0
0
0
0
0
0
0
0
0
0
0
0
0
0
0
0
0
0
0
0
0
0
0
0
0
0
0
0
0
0
0
0
0
0
0
0
0
0
0
0
0
0
0
0
0
0
0
0
0
0
0
0
0
0
0
0
0
0
0
0
0
0
0
0
0
0
0
0
0
0
0
0
0
0
0
0
0
0
0
0
0
0
0
0
0
0
0
0
0
0
0
0
0
0
0
0
0
0
0
0
0
0
0
0
0
0
0
0
0
0
0
0
0
0
0
0
0
0
0
0
0
0
0
0
0
0
0
0
0
0
0
0
0
0
0
0
0
0
0
0
0
0
0
0
0
0
0
0
0
0
0
0
0
0
0
0
0
0
0
0
0
0
0
0
0
0
0
0
0
0
0
0
0
0
0
0
0
0
0
0
0
0
0
0
0
0
0
0
0
0
0
0
0
0
0
0
0
0
0
0
0
0
0
0
0
0
0
0
0
0
0
0
0
0
0
0
0
0
0
0
0
0
0
0
0
0
0
0
0
0
0
0
0
0
0
0
0
0
0
0
0
0
0
0
0
0
0
0
0
0
0
0
0
0
0
0
0
0
0
0
0
0
0
0
0
0
0
0
0
0
0
0
0
0
0
0
0
0
0
0
0
0
0
0
0
0
0
0
0
0
0
0
0
0
0
0
0
0
0
0
0
0
0
0
0
0
0
0
0
0
0
0
0
0
0
0
0
0
0
0
0
0
0
0
0
0
0
0
0
0
0
0
0
0
0
0
0
0
0
0
0
0
0
0
0
0
0
0
0
0
0
0
0
0
0
0
0
0
0
0
0
0
0
0
0
0
0
0
0
0
0
0
0
0
0
0
0
0
0
0
0
0
0
0
0
0
0
0
0
0
0
0
0
0
0
0
0
0
0
0
0
0
0
0
0
0
0
0
0
0
0
0
0
0
0
0
0
0
0
0
0
0
0
0
0
0
0
0
0
0
0
0
0
0
0
0
0
0
0
0
0
0
0
0
0
0
0
0
0
0
0
0
0
0
0
0
0
0
0
0
0
0
0
0
0
0
0
0
0
0
0
0
0
0
0
0
0
0
0
0
0
0
0
0
0
0
0
0
0
0
0
0
0
0
0
0
0
0
0
0
0
0
0
0
0
0
0
0
0
0
0
0
0
0
0
0
0
0
0
0
0
0
0
0
0
0
0
0
0
0
0
0
0
0
0
0
0
0
0
0
0
0
0
0
0
0
0
0
0
0
0
0
0
0
0
0
0
0
0
0
0
0
0
0
0
0
0
0
0
0
0
0
0
0
0
0
0
0
0
0
0
0
0
0
0
0
0
0
0
0
0
0
0
0
0
0
0
0
0
0
0
0
0
0
0
0
0
0
0
0
0
0
0
0
0
0
0
0
0
0
0
0
0
0
0
0
0
0
0
0
0
0
0
0
0
0
0
0
0
0
0
0
0
0
0
0
0
0
0
0
0
0
0
0
0
0
0
0
0
0
0
0
0
0
0
0
0
0
0
0
0
0
0
0
0
0
0
0
0
0
0
0
0
0
0
0
0
0
0
0
0
0
0
0
0
0
0
0
0
0
0
0
0
0
0
0
0
0
0
0
0
0
0
0
0
0
0
0
0
0
0
0
0
0
0
0
0
0
0
0
0
0
0
0
0
0
0
0
0
0
0
0
0
0
0
0
0
0
0
0
0
0
0
0
0
0
0
0
0
0
0
0
0
0
0
0
4231168
4231196
4218892
4227104
0
0
0
0
0
0
0
0
0
0
0
0
0
0
0
0
0
0
0
0
0
0
0
0
0
0
0
0
0
0
0
0
0
0
0
0
0
0
0
0
0
0
0
0
0
0
0
0
0
0
0
0
0
0
0
0
0
0
0
0
0
0
0
0
0
0
0
0
0
0
0
0
0
0
0
0
0
0
0
0
0
0
0
0
0
0
0
0
0
0
0
0
0
0
0
0
0
0
0
0
0
0
0
0
0
0
0
0
0
0
0
0
0
0
0
0
0
0
0
0
0
0
0
0
0
0
0
0
0
0
0
0
0
0
0
0
0
0
0
0
0
0
0
0
0
0
0
0
0
0
0
0
0
0
0
0
0
0
0
0
0
0
0
0
0
0
0
0
0
0
0
0
0
0
0
0
0
0
0
0
0
0
0
0
0
0
0
0
0
0
0
0
0
0
0
0
0
0
0
0
0
0
0
0
0
0
0
0
0
0
0
0
0
0
0
0
0
0
0
0
0
0
0
0
0
0
0
0
0
0
0
0
0
0
0
0
0
0
0
0
0
0
0
0
0
0
0
0
0
0
0
0
0
0
0
0
0
0
0
0
0
0
0
0
0
0
0
0
0
0
0
0
0
0
0
0
0
0
0
0
0
0
0
0
0
0
0
0
0
0
0
0
0
0
0
0
0
0
0
0
0
0
0
0
0
0
0
0
0
0
0
0
0
0
0
0
0
0
0
0
0
0
0
0
0
0
0
0
0
0
0
0
0
0
0
0
0
0
0
0
0
0
0
0
0
0
0
0
0
0
0
0
0
0
0
0
0
0
0
0
0
0
0
0
0
0
0
0
0
0
0
0
0
0
0
0
0
0
0
0
0
0
0
0
0
0
0
0
0
0
0
0
0
0
0
0
0
0
0
0
0
0
0
0
0
0
0
0
0
0
0
0
0
0
0
0
0
0
0
0
0
0
0
0
0
0
0
0
0
0
0
0
0
0
0
0
0
0
0
0
0
0
0
0
0
0
0
0
0
0
0
0
0
0
0
0
0
0
0
0
0
0
0
0
0
0
0
0
0
0
0
0
0
0
0
0
0
0
0
0
0
0
0
0
0
0
0
0
0
0
0
0
0
0
0
0
0
0
0
0
0
0
0
0
0
0
0
0
0
0
0
0
0
0
0
0
0
0
0
0
0
0
0
0
0
0
0
0
0
0
0
0
0
0
0
0
0
0
0
0
0
0
0
0
0
0
0
0
0
0
0
0
0
0
0
0
0
0
0
0
0
0
0
0
0
0
0
0
0
0
0
0
0
0
0
0
0
0
0
0
0
0
0
0
0
0
0
0
0
0
0
0
0
0
0
0
0
0
0
0
0
0
0
0
0
0
0
0
0
0
0
0
0
0
0
0
0
0
0
0
0
0
0
0
0
0
0
0
0
0
0
0
0
0
0
0
0
0
0
0
0
0
0
0
0
0
0
0
0
0
0
0
0
0
0
0
0
0
0
0
0
0
0
0
0
0
0
0
0
0
0
0
0
0
0
0
0
0
0
0
0
0
0
0
0
0
0
0
0
0
0
0
0
0
0
0
0
0
0
0
0
0
0
0
0
0
0
0
0
0
0
0
0
0
0
0
0
0
0
0
0
0
0
0
0
0
0
0
0
0
0
0
0
0
0
0
0
0
0
0
0
0
0
0
0
0
0
0
0
0
0
0
0
0
0
0
0
0
0
0
0
0
0
0
0
0
0
0
0
0
0
0
0
0
0
0
0
0
0
0
0
0
0
0
0
0
0
0
0
0
0
0
0
0
0
0
0
0
0
0
0
0
0
0
0
0
0
0
0
0
0
0
0
0
0
0
0
0
0
0
0
0
0
0
0
0
0
0
0
0
0
0
0
0
0
0
0
0
0
0
0
0
0
0
0
0
0
0
0
0
0
0
0
0
0
0
0
0
0
0
0
0
0
0
0
0
0
0
0
0
0
0
0
0
0
0
0
0
0
0
0
0
0
0
0
0
0
0
0
0
0
0
0
0
0
0
0
0
0
0
0
0
0
0
0
0
0
0
0
0
0
0
0
0
0
0
0
0
0
0
0
0
0
0
0
0
0
0
0
0
0
0
0
0
0
0
0
0
0
0
0
0
0
0
0
0
0
0
0
0
0
0
0
0
0
0
0
0
0
0
0
0
0
0
0
0
0
0
0
0
0
0
0
0
0
0
0
0
0
0
0
0
0
0
0
0
0
0
0
0
0
0
0
0
0
0
0
0
0
0
0
0
0
0
0
0
0
0
0
0
0
0
0
0
0
0
0
0
0
28
2
262144
0
4198400
1274
0
0
28
597426178
262144
0
4200224
211
0
0
28
706281474
262144
0
4200448
7
0
0
28
786628610
262144
0
4200464
21
0
0
20
866975746
262144
0
0
0
28
878182402
262144
0
4200496
221
0
0
20
988741634
262144
0
0
0
20
1000079362
262144
0
0
0
20
1011613698
262144
0
0
0
28
1097531394
262144
0
4200720
409
0
0
20
1283719170
262144
0
0
0
28
1309409282
262144
0
4201136
3
0
0
28
1335427074
262144
0
4201152
187
0
0
28
1453326338
262144
0
4201344
1111
0
0
28
1731461122
262144
0
4202464
3
0
0
28
1742864386
262144
0
4202480
156
0
0
28
1834876930
262144
0
4202640
311
0
0
20
1985871874
262144
0
0
0
28
1997078530
262144
0
4202960
551
0
0
20
2130509826
262144
0
0
0
28
2146959362
262144
0
4203520
843
0
0
28
-1850146814
262144
0
4204368
42
0
0
20
-1839136766
262144
0
0
0
20
-1623785470
262144
0
0
0
28
-1610743806
262144
0
4204432
27
0
0
0
0
0
0
0
0
0
0
0
0
0
0
0
0
0
0
0
0
0
0
0
0
0
0
0
0
0
0
0
0
0
0
0
0
0
0
0
0
0
0
0
0
0
0
0
0
0
0
0
0
0
0
0
0
0
0
0
0
0
0
0
0
0
0
0
0
0
0
0
0
0
0
0
0
0
0
0
0
0
0
0
0
0
0
0
0
0
0
0
0
0
0
0
0
0
0
0
