13
14
16
18
22
24
25
27
31
35
43
54
57
62
65
66
67
71
77
78
79
88
88
89
92
97
98
102
104
105
107
107
113
114
117
124
124
126
128
129
132
133
133
133
137
141
144
148
148
153
157
162
177
179
185
187
189
198
207
207
207
212
215
220
221
222
227
233
237
238
239
241
242
244
246
247
249
255
258
260
260
267
268
270
275
277
286
286
291
296
299
302
310
315
330
330
339
339
342
348
349
352
354
356
361
362
367
367
371
381
385
387
391
392
394
396
411
413
413
417
417
432
437
441
445
445
455
456
459
460
471
473
474
475
484
485
488
489
495
500
501
519
520
520
530
531
531
534
536
539
541
547
550
552
556
557
557
560
564
567
572
589
592
595
600
602
603
604
605
606
613
613
622
627
630
635
637
638
640
641
642
644
650
652
653
663
663
672
680
684
692
695
697
707
708
711
715
720
721
725
726
728
729
730
736
738
740
742
744
744
745
748
751
755
770
771
773
780
781
787
789
793
800
801
803
804
812
819
825
825
830
842
844
845
845
847
847
848
849
857
861
863
864
866
871
873
873
874
877
877
881
891
902
902
912
921
921
929
935
936
943
946
949
951
952
955
958
965
966
980
982
985
986
987
988
992
993
998
998
1008
1011
1011
1017
1019
1019
1021
1029
1030
1033
1047
1048
1048
1057
1058
1065
1065
1072
1077
1084
1096
1097
1098
1103
1104
1105
1106
1107
1116
1121
1126
1128
1129
1134
1136
1137
1140
1153
1156
1156
1156
1157
1157
1157
1158
1159
1160
1161
1163
1168
1170
1173
1176
1176
1189
1192
1197
1199
1201
1204
1207
1209
1212
1212
1214
1216
1217
1221
1224
1229
1232
1234
1241
1242
1242
1243
1246
1246
1249
1249
1251
1261
1264
1273
1286
1287
1301
1304
1315
1318
1319
1323
1324
1324
1325
1328
1328
1330
1337
1339
1342
1344
1348
1354
1356
1362
1364
1364
1368
1370
1372
1376
1381
1382
1387
1387
1388
1389
1390
1394
1399
1402
1406
1410
1413
1426
1435
1436
1438
1440
1442
1444
1444
1446
1447
1454
1456
1457
1458
1460
1473
1474
1475
1476
1478
1481
1485
1487
1490
1493
1493
1493
1496
1497
1498
1499
1504
1510
1513
1514
1516
1516
1521
1528
1530
1532
1532
1534
1535
1538
1548
1548
1559
1561
1566
1568
1568
1569
1569
1571
1575
1576
1576
1577
1588
1589
1590
1595
1597
1598
1603
1608
1610
1611
1612
1614
1620
1627
1630
1633
1634
1634
1640
1641
1643
1644
1649
1653
1656
1657
1658
1660
1661
1662
1664
1665
1675
1679
1680
1683
1684
1687
1692
1693
1693
1696
1698
1703
1706
1706
1708
1716
1720
1721
1722
1727
1732
1734
1737
1737
1740
1743
1746
1746
1750
1751
1752
1758
1759
1762
1766
1766
1767
1769
1781
1795
1795
1802
1805
1808
1817
1821
1821
1828
1828
1828
1832
1834
1835
1850
1850
1853
1866
1866
1869
1880
1881
1881
1891
1896
1898
1899
1901
1907
1916
1917
1919
1920
1924
1945
1946
1946
1948
1950
1950
1952
1956
1962
1962
1974
1976
1982
1982
1988
1989
1991
1992
1998
1999
2001
2003
2003
2005
2005
2012
2014
2014
2028
2038
2038
2040
2047
2047
2051
2051
2055
2056
2057
2061
2069
2074
2075
2087
2088
2091
2092
2094
2102
2108
2109
2109
2109
2117
2122
2126
2131
2131
2134
2137
2139
2144
2147
2148
2150
2152
2159
2164
2172
2173
2176
2178
2178
2185
2185
2186
2189
2192
2192
2201
2202
2207
2210
2212
2213
2218
2219
2224
2226
2228
2230
2236
2255
2257
2258
2261
2264
2267
2268
2270
2274
2275
2275
2276
2277
2278
2280
2284
2289
2290
2295
2301
2306
2307
2314
2320
2326
2329
2329
2330
2330
2339
2341
2343
2344
2348
2350
2353
2356
2357
2365
2365
2365
2368
2369
2370
2372
2379
2382
2383
2383
2391
2395
2398
2399
2401
2404
2414
2421
2431
2433
2434
2435
2437
2438
2443
2444
2444
2446
2448
2449
2450
2457
2461
2470
2474
2476
2485
2489
2489
2490
2490
2501
2501
2502
2504
2507
2509
2509
2510
2513
2514
2520
2521
2522
2527
2535
2540
2544
2545
2545
2546
2546
2548
2550
2554
2558
2561
2575
2577
2597
2598
2604
2605
2606
2606
2609
2611
2611
2616
2625
2629
2634
2636
2637
2641
2643
2643
2648
2651
2651
2657
2661
2662
2664
2668
2673
2673
2674
2676
2677
2679
2692
2699
2699
2701
2706
2709
2714
2719
2730
2732
2732
2733
2737
2739
2743
2745
2746
2750
2751
2752
2754
2756
2760
2762
2762
2763
2774
2775
2776
2776
2781
2784
2785
2791
2792
2798
2801
2802
2803
2803
2806
2811
2813
2818
2821
2828
2835
2842
2843
2843
2845
2851
2852
2854
2855
2861
2861
2867
2870
2873
2873
2879
2881
2882
2883
2886
2888
2888
2897
2897
2900
2901
2901
2902
2915
2916
2919
2923
2931
2932
2932
2934
2937
2939
2941
2949
2957
2958
2960
2971
2971
2972
2978
2979
2989
2999
3002
3003
3003
3009
3010
3012
3013
3019
3021
3022
3023
3024
3037
3038
3043
3056
3062
3062
3067
3068
3069
3069
3072
3074
3080
3081
3086
3089
3098
3101
3103
3111
3116
3118
3119
3120
3127
3128
3130
3132
3133
3135
3141
3144
3144
3145
3156
3158
3160
3164
3164
3165
3182
3183
3185
3192
3197
3198
3199
3208
3210
3211
3216
3217
3220
3222
3222
3224
3229
3229
3230
3231
3231
3233
3235
3236
3238
3239
3240
3242
3243
3247
3247
3249
3254
3259
3261
3265
3272
3275
3277
3280
3281
3283
3285
3299
3316
3322
3331
3332
3333
3334
3335
3337
3339
3339
3341
3349
3351
3351
3356
3356
3358
3364
3364
3365
3367
3370
3381
3388
3390
3392
3396
3400
3404
3406
3408
3410
3412
3414
3418
3426
3427
3433
3437
3437
3440
3445
3459
3459
3470
3474
3475
3475
3478
3494
3496
3496
3502
3502
3503
3505
3506
3507
3510
3514
3515
3519
3521
3525
3529
3530
3534
3535
3539
3544
3544
3544
3547
3547
3555
3558
3559
3559
3562
3566
3567
3572
3576
3578
3585
3585
3586
3586
3587
3590
3595
3597
3600
3600
3605
3613
3628
3630
3631
3631
3634
3635
3638
3642
3659
3659
3659
3660
3664
3671
3673
3674
3679
3691
3693
3694
3699
3709
3710
3711
3714
3715
3721
3726
3727
3730
3734
3738
3744
3746
3747
3748
3748
3749
3751
3752
3754
3755
3757
3757
3758
3762
3764
3768
3769
3771
3772
3775
3778
3779
3786
3788
3794
3806
3807
3813
3821
3823
3823
3836
3839
3842
3849
3854
3855
3855
3862
3864
3869
3871
3872
3880
3884
3890
3897
3898
3905
3905
3906
3906
3908
3908
3909
3909
3910
3916
3921
3924
3925
3925
3926
3942
3945
3953
3953
3954
3958
3958
3961
3962
3962
3963
3964
3966
3967
3967
3971
3976
3978
3980
3985
3985
3986
3986
3988
3994
4000
4005
4009
4011
4015
4020
4026
4028
4033
4038
4043
4049
4050
4053
4060
4061
4072
4075
4076
4076
4081
4084
4084
4086
4086
4093
4093
4097
4097
4098
4101
4108
4109
4110
4117
4118
4118
4119
4124
4125
4126
4128
4129
4130
4142
4145
4148
4151
4152
4153
4158
4160
4162
4164
4167
4174
4174
4178
4181
4191
4192
4194
4195
4196
4199
4201
4209
4210
4211
4212
4218
4223
4226
4232
4233
4238
4239
4239
4240
4242
4243
4246
4247
4248
4253
4255
4255
4256
4259
4260
4263
4265
4272
4272
4272
4273
4276
4278
4281
4284
4284
4284
4286
4286
4289
4292
4293
4293
4297
4299
4299
4301
4312
4314
4316
4320
4328
4331
4333
4334
4346
4350
4363
4367
4368
4370
4370
4371
4371
4372
4374
4380
4384
4387
4391
4391
4399
4402
4402
4404
4405
4406
4426
4431
4438
4444
4445
4446
4450
4452
4457
4458
4464
4469
4470
4473
4477
4478
4482
4490
4493
4494
4495
4497
4505
4508
4508
4510
4520
4522
4528
4539
4541
4541
4548
4553
4558
4564
4578
4583
4583
4590
4602
4606
4607
4608
4608
4610
4612
4613
4618
4620
4627
4627
4629
4634
4637
4638
4639
4645
4650
4651
4653
4654
4654
4655
4660
4662
4663
4668
4677
4688
4694
4694
4694
4706
4712
4713
4719
4722
4727
4727
4728
4735
4735
4735
4737
4744
4747
4747
4750
4754
4759
4763
4764
4765
4765
4767
4769
4774
4774
4783
4784
4788
4796
4797
4798
4801
4806
4809
4812
4817
4824
4827
4833
4835
4840
4841
4842
4845
4845
4845
4848
4854
4861
4862
4865
4866
4867
4869
4869
4879
4882
4884
4889
4889
4891
4891
4892
4893
4894
4898
4900
4906
4908
4912
4926
4929
4937
4939
4940
4940
4942
4945
4949
4957
4970
4979
4985
4986
4987
4990
4990
4994
5001
5004
5012
5013
5016
5024
5028
5030
5033
5039
5041
5044
5046
5049
5053
5058
5062
5063
5064
5072
5080
5081
5081
5082
5087
5094
5094
5097
5099
5100
5102
5103
5116
5118
5119
5119
5133
5138
5143
5146
5146
5148
5151
5167
5168
5168
5170
5171
5171
5171
5172
5176
5178
5181
5185
5190
5190
5200
5204
5214
5216
5216
5218
5225
5225
5226
5232
5237
5237
5244
5250
5251
5254
5256
5260
5260
5264
5270
5283
5284
5293
5294
5296
5297
5298
5305
5305
5306
5314
5322
5325
5325
5327
5329
5329
5330
5337
5338
5348
5350
5351
5351
5356
5360
5370
5371
5373
5377
5386
5386
5391
5392
5394
5395
5396
5396
5398
5402
5405
5407
5408
5415
5416
5417
5419
5422
5424
5424
5425
5432
5432
5433
5434
5437
5450
5452
5454
5468
5468
5471
5477
5483
5484
5499
5500
5509
5509
5512
5514
5516
5520
5521
5521
5521
5528
5532
5532
5534
5539
5542
5550
5555
5560
5560
5563
5565
5567
5569
5573
5575
5580
5586
5595
5597
5600
5603
5604
5606
5609
5609
5613
5618
5632
5644
5656
5657
5665
5666
5667
5667
5667
5668
5670
5675
5675
5675
5675
5676
5678
5681
5683
5685
5690
5693
5696
5699
5701
5706
5716
5716
5716
5721
5733
5737
5741
5747
5747
5752
5755
5755
5764
5766
5767
5769
5770
5770
5775
5776
5777
5783
5785
5785
5789
5790
5792
5793
5793
5796
5799
5804
5805
5806
5809
5810
5813
5813
5816
5816
5823
5827
5828
5840
5841
5847
5849
5852
5856
5864
5864
5866
5869
5876
5880
5881
5883
5885
5888
5894
5897
5898
5902
5903
5903
5904
5904
5905
5915
5915
5919
5919
5920
5923
5924
5931
5940
5941
5950
5951
5953
5954
5956
5958
5963
5969
5969
5973
5975
5977
5982
5986
5987
5988
5992
6002
6004
6006
6008
6012
6013
6013
6025
6027
6027
6027
6027
6033
6035
6037
6038
6040
6043
6047
6047
6056
6058
6060
6061
6066
6068
6078
6082
6082
6083
6084
6086
6089
6095
6096
6097
6098
6098
6099
6104
6109
6110
6113
6117
6126
6127
6129
6130
6131
6139
6143
6147
6148
6158
6161
6161
6163
6168
6171
6175
6179
6180
6186
6187
6190
6191
6194
6194
6195
6201
6209
6214
6215
6217
6218
6223
6225
6226
6229
6231
6236
6237
6238
6241
6241
6244
6244
6251
6253
6258
6265
6267
6269
6271
6275
6276
6283
6286
6291
6292
6293
6294
6299
6300
6300
6304
6305
6306
6307
6310
6310
6315
6320
6323
6324
6326
6332
6336
6342
6343
6344
6348
6352
6358
6361
6361
6361
6362
6367
6368
6371
6375
6377
6378
6378
6382
6390
6392
6393
6395
6395
6401
6401
6408
6410
6413
6414
6416
6417
6420
6421
6424
6427
6427
6428
6431
6431
6431
6433
6433
6437
6444
6445
6447
6456
6458
6460
6460
6461
6462
6466
6470
6479
6483
6485
6489
6492
6493
6495
6498
6500
6502
6502
6504
6507
6513
6516
6523
6523
6537
6538
6546
6554
6555
6558
6561
6565
6571
6574
6574
6577
6578
6579
6581
6583
6585
6585
6592
6593
6594
6598
6598
6598
6604
6605
6605
6607
6614
6614
6615
6616
6616
6617
6621
6626
6626
6626
6631
6632
6633
6636
6637
6638
6639
6643
6647
6648
6656
6656
6668
6668
6673
6676
6678
6679
6681
6682
6683
6688
6690
6694
6699
6699
6700
6700
6707
6709
6713
6720
6722
6726
6740
6743
6749
6751
6751
6754
6754
6754
6756
6759
6762
6763
6764
6764
6781
6782
6784
6793
6794
6796
6802
6803
6814
6814
6815
6824
6827
6830
6834
6835
6837
6838
6840
6854
6855
6856
6864
6869
6871
6873
6874
6874
6879
6881
6888
6902
6908
6909
6911
6912
6916
6923
6926
6931
6938
6944
6949
6949
6950
6952
6953
6953
6955
6957
6961
6980
6985
6985
6985
6988
7001
7001
7003
7004
7008
7012
7014
7014
7015
7015
7017
7021
7025
7029
7037
7037
7038
7042
7055
7062
7066
7068
7069
7069
7078
7079
7085
7086
7087
7093
7100
7100
7107
7108
7110
7112
7114
7115
7115
7115
7116
7118
7122
7124
7137
7139
7139
7155
7156
7170
7171
7173
7182
7186
7190
7191
7192
7199
7199
7199
7206
7206
7208
7222
7229
7232
7237
7243
7256
7264
7265
7271
7273
7279
7282
7284
7287
7287
7291
7296
7298
7298
7298
7300
7302
7309
7311
7313
7315
7320
7322
7328
7329
7329
7333
7342
7343
7350
7352
7355
7355
7356
7361
7367
7372
7373
7376
7377
7381
7384
7386
7390
7390
7391
7391
7392
7394
7399
7402
7405
7407
7409
7410
7416
7425
7430
7430
7432
7433
7433
7439
7443
7444
7445
7459
7460
7465
7467
7482
7486
7486
7491
7492
7494
7495
7500
7502
7503
7507
7509
7511
7513
7513
7513
7514
7515
7516
7518
7523
7525
7527
7530
7534
7534
7535
7537
7546
7547
7547
7556
7556
7559
7561
7562
7564
7565
7567
7579
7588
7591
7597
7598
7611
7613
7615
7617
7618
7625
7631
7635
7636
7639
7640
7643
7647
7649
7649
7657
7658
7659
7660
7664
7666
7673
7674
7674
7674
7676
7677
7680
7683
7683
7686
7687
7692
7696
7696
7701
7703
7707
7707
7711
7718
7720
7729
7731
7733
7741
7742
7746
7750
7752
7755
7760
7761
7762
7766
7768
7772
7775
7779
7780
7786
7787
7792
7792
7793
7793
7798
7799
7803
7807
7808
7808
7809
7814
7818
7820
7827
7827
7828
7829
7835
7838
7843
7844
7853
7859
7861
7861
7862
7862
7863
7868
7868
7869
7869
7877
7878
7878
7881
7887
7888
7890
7891
7894
7896
7898
7900
7904
7911
7911
7911
7914
7918
7920
7922
7922
7923
7927
7931
7935
7936
7945
7966
7967
7968
7968
7981
7982
7982
7987
7991
7993
7995
7995
8005
8016
8016
8027
8028
8030
8032
8042
8043
8048
8065
8075
8078
8088
8089
8099
8106
8115
8116
8118
8120
8125
8128
8131
8132
8132
8135
8136
8144
8148
8152
8158
8161
8163
8163
8166
8172
8172
8178
8184
8186
8187
8199
8206
8206
8207
8210
8210
8213
8214
8216
8218
8220
8220
8235
8237
8238
8241
8242
8246
8248
8251
8255
8256
8258
8259
8260
8263
8265
8267
8272
8288
8292
8293
8300
8303
8308
8325
8325
8328
8328
8330
8332
8332
8338
8339
8339
8340
8347
8353
8353
8355
8356
8358
8358
8358
8365
8374
8379
8380
8386
8390
8392
8404
8407
8408
8409
8411
8411
8415
8418
8419
8421
8428
8428
8448
8451
8451
8454
8459
8462
8468
8472
8474
8477
8479
8482
8486
8488
8491
8494
8496
8498
8503
8506
8509
8510
8511
8516
8517
8520
8521
8526
8527
8527
8528
8531
8531
8532
8539
8539
8546
8554
8556
8557
8560
8560
8560
8561
8561
8563
8571
8572
8580
8587
8588
8590
8592
8595
8596
8599
8602
8604
8606
8607
8607
8609
8615
8618
8621
8626
8631
8632
8634
8634
8636
8639
8639
8643
8645
8653
8661
8670
8671
8673
8675
8677
8677
8682
8684
8685
8690
8691
8691
8691
8693
8695
8707
8709
8709
8709
8715
8723
8723
8727
8731
8731
8732
8737
8740
8746
8747
8756
8757
8758
8761
8762
8766
8776
8792
8794
8795
8800
8804
8806
8808
8814
8816
8823
8825
8826
8828
8831
8832
8839
8840
8841
8842
8843
8846
8851
8871
8873
8880
8885
8885
8891
8893
8903
8913
8917
8917
8919
8923
8926
8927
8932
8941
8946
8953
8954
8957
8958
8963
8964
8964
8965
8969
8973
8974
8976
8977
8986
8991
8994
8995
8996
8998
8999
9003
9006
9010
9013
9016
9018
9019
9020
9025
9026
9028
9028
9030
9032
9032
9035
9041
9044
9047
9048
9059
9060
9068
9069
9073
9075
9075
9082
9083
9084
9093
9093
9093
9094
9099
9105
9107
9107
9107
9119
9122
9125
9129
9131
9132
9136
9137
9139
9141
9145
9146
9149
9149
9151
9153
9156
9165
9167
9182
9186
9188
9191
9191
9193
9205
9220
9232
9233
9236
9241
9243
9253
9258
9268
9270
9274
9275
9276
9281
9298
9300
9306
9311
9311
9313
9313
9314
9317
9322
9325
9326
9328
9328
9328
9331
9338
9338
9340
9345
9350
9352
9357
9357
9360
9362
9363
9376
9381
9388
9388
9393
9397
9398
9401
9404
9412
9416
9419
9421
9422
9424
9427
9430
9444
9445
9447
9450
9453
9455
9458
9466
9466
9469
9470
9473
9475
9479
9483
9484
9485
9494
9496
9502
9504
9517
9518
9529
9534
9542
9548
9550
9555
9560
9569
9570
9571
9572
9575
9580
9580
9586
9588
9596
9598
9600
9601
9602
9605
9605
9606
9607
9608
9608
9609
9613
9617
9617
9618
9628
9630
9633
9635
9638
9638
9642
9643
9656
9661
9666
9667
9674
9684
9685
9688
9688
9690
9691
9694
9695
9696
9697
9698
9700
9700
9700
9703
9708
9709
9710
9719
9724
9725
9728
9735
9737
9740
9750
9756
9760
9761
9762
9765
9765
9766
9773
9777
9781
9785
9785
9787
9787
9789
9798
9801
9801
9804
9805
9807
9818
9818
9826
9829
9829
9830
9830
9840
9847
9859
9862
9865
9880
9881
9890
9891
9894
9895
9899
9899
9901
9902
9904
9905
9911
9917
9918
9919
9921
9923
9927
9928
9934
9936
9938
9939
9944
9947
9948
9953
9955
9961
9961
9962
9963
9964
9965
9967
9969
9970
9971
9971
9973
9974
9982
9984
9987
9987
9992
9992
9993
9994
9996
9996
9998
10001
10002
10003
10006
10006
10010
10013
10030
10031
10034
10041
10056
10057
10060
10064
10065
10068
10069
10070
10070
10070
10071
10071
10071
10073
10074
10074
10076
10079
10079
10081
10089
10094
10102
10104
10108
10109
10116
10117
10121
10123
10133
10135
10139
10145
10151
10152
10152
10155
10155
10163
10163
10168
10171
10178
10178
10180
10180
10180
10183
10190
10194
10195
10195
10201
10204
10213
10219
10219
10221
10222
10224
10225
10226
10232
10233
10244
10246
10247
10248
10248
10255
10263
10273
10283
10284
10297
10297
10298
10298
10301
10301
10306
10311
10314
10317
10319
10319
10320
10322
10323
10325
10325
10326
10329
10331
10336
10336
10342
10347
10347
10349
10350
10353
10353
10358
10362
10363
10364
10367
10370
10375
10375
10376
10378
10382
10385
10385
10385
10388
10398
10399
10406
10408
10420
10422
10428
10429
10430
10430
10435
10437
10441
10443
10445
10459
10463
10467
10469
10470
10471
10474
10477
10478
10480
10480
10481
10487
10498
10498
10502
10503
10505
10513
10515
10518
10522
10523
10527
10533
10537
10538
10543
10544
10546
10551
10552
10555
10556
10558
10560
10570
10574
10576
10586
10589
10593
10593
10595
10595
10598
10598
10603
10604
10606
10607
10611
10614
10614
10617
10619
10624
10626
10627
10631
10633
10647
10651
10653
10656
10660
10661
10665
10671
10673
10675
10683
10684
10686
10692
10693
10693
10697
10698
10703
10709
10711
10713
10714
10721
10722
10725
10733
10733
10734
10737
10738
10744
10749
10760
10760
10761
10761
10763
10767
10767
10769
10772
10776
10781
10783
10792
10794
10798
10798
10799
10804
10810
10831
10832
10833
10834
10835
10839
10841
10843
10843
10843
10846
10846
10848
10850
10851
10853
10856
10858
10861
10865
10867
10871
10876
10887
10892
10899
10901
10906
10913
10921
10924
10926
10926
10927
10929
10930
10934
10934
10935
10936
10937
10938
10941
10944
10946
10951
10951
10954
10959
10959
10963
10968
10969
10969
10972
10975
10975
10984
10989
10990
10990
10993
10995
10999
11001
11003
11004
11005
11006
11006
11009
11015
11016
11017
11021
11022
11025
11025
11028
11029
11030
11030
11031
11031
11031
11038
11038
11041
11046
11048
11052
11052
11072
11074
11079
11079
11086
11098
11100
11102
11103
11109
11114
11115
11120
11120
11121
11123
11126
11131
11132
11138
11142
11147
11153
11153
11158
11161
11165
11167
11167
11176
11178
11180
11181
11183
11184
11191
11192
11193
11208
11209
11210
11215
11220
11224
11229
11230
11237
11243
11255
11256
11257
11260
11261
11270
11272
11275
11276
11276
11276
11281
11283
11284
11285
11288
11292
11294
11295
11302
11305
11314
11323
11334
11340
11343
11347
11348
11351
11351
11352
11352
11357
11362
11365
11365
11369
11372
11377
11380
11390
11392
11396
11398
11402
11404
11408
11409
11411
11417
11417
11420
11430
11450
11450
11452
11453
11454
11455
11455
11455
11457
11465
11469
11469
11471
11473
11474
11481
11481
11483
11487
11489
11495
11496
11500
11501
11503
11506
11507
11530
11538
11539
11545
11545
11546
11553
11557
11557
11563
11563
11566
11571
11574
11577
11585
11585
11591
11592
11596
11597
11598
11599
11603
11605
11606
11611
11611
11614
11625
11627
11628
11633
11640
11651
11651
11655
11655
11660
11660
11666
11667
11671
11677
11679
11687
11690
11696
11697
11703
11706
11707
11709
11712
11714
11728
11728
11728
11732
11733
11734
11738
11743
11743
11744
11744
11745
11756
11762
11764
11765
11769
11774
11775
11779
11784
11784
11784
11788
11790
11791
11793
11795
11799
11799
11804
11806
11806
11807
11814
11818
11818
11824
11827
11827
11828
11829
11830
11831
11831
11836
11837
11840
11846
11857
11858
11860
11863
11863
11866
11866
11872
11872
11874
11874
11875
11880
11885
11888
11893
11903
11905
11905
11908
11911
11912
11912
11913
11920
11925
11925
11932
11939
11945
11946
11962
11967
11969
11970
11976
11984
11986
11987
11993
11995
12001
12010
12013
12014
12027
12027
12028
12031
12034
12038
12042
12047
12050
12052
12054
12055
12055
12064
12071
12073
12078
12089
12095
12099
12104
12104
12105
12107
12108
12111
12115
12121
12127
12133
12139
12142
12148
12148
12148
12150
12151
12158
12159
12160
12184
12189
12198
12211
12215
12221
12221
12221
12222
12227
12232
12237
12237
12237
12238
12239
12242
12243
12247
12258
12263
12263
12264
12268
12269
12272
12276
12279
12285
12288
12288
12290
12292
12294
12295
12296
12299
12300
12301
12310
12312
12312
12313
12313
12316
12321
12330
12332
12333
12337
12344
12347
12350
12352
12353
12355
12359
12360
12364
12365
12376
12377
12379
12382
12383
12389
12391
12392
12397
12402
12405
12410
12410
12411
12418
12419
12425
12426
12427
12429
12440
12442
12450
12455
12457
12459
12481
12482
12491
12492
12502
12504
12505
12509
12512
12518
12519
12523
12523
12527
12528
12531
12531
12536
12541
12542
12542
12544
12549
12549
12550
12553
12555
12557
12558
12559
12560
12560
12569
12574
12576
12577
12583
12583
12591
12591
12593
12593
12598
12608
12617
12632
12637
12645
12647
12651
12653
12657
12659
12660
12662
12666
12667
12669
12676
12677
12677
12678
12681
12682
12684
12684
12687
12688
12691
12697
12701
12701
12706
12707
12709
12714
12714
12721
12724
12725
12725
12736
12737
12740
12744
12744
12747
12761
12762
12762
12763
12763
12764
12766
12768
12772
12778
12786
12789
12794
12804
12808
12814
12821
12825
12828
12832
12835
12842
12846
12848
12851
12855
12855
12856
12864
12865
12865
12866
12870
12876
12878
12880
12882
12886
12892
12894
12902
12907
12910
12910
12927
12929
12929
12932
12932
12939
12943
12945
12958
12964
12969
12969
12975
12977
12978
12980
12982
12982
12986
12992
13002
13007
13012
13013
13015
13019
13023
13024
13024
13025
13028
13032
13033
13033
13035
13037
13042
13043
13043
13050
13054
13057
13059
13064
13064
13075
13086
13086
13087
13092
13094
13095
13098
13099
13102
13105
13112
13112
13119
13122
13123
13128
13128
13130
13131
13131
13132
13133
13137
13140
13140
13143
13146
13146
13152
13153
13153
13158
13158
13161
13163
13171
13174
13174
13185
13193
13200
13200
13204
13208
13217
13220
13221
13227
13228
13230
13232
13232
13237
13239
13240
13243
13259
13261
13264
13265
13267
13270
13271
13271
13280
13286
13287
13292
13296
13299
13300
13302
13309
13311
13316
13317
13320
13328
13329
13329
13331
13334
13345
13351
13353
13355
13356
13368
13369
13370
13371
13371
13372
13373
13373
13381
13384
13390
13392
13392
13393
13396
13397
13402
13403
13404
13409
13411
13411
13412
13412
13417
13422
13427
13428
13432
13444
13445
13449
13450
13452
13467
13471
13475
13476
13481
13491
13491
13492
13500
13500
13506
13516
13516
13519
13520
13524
13527
13529
13530
13533
13542
13547
13556
13556
13557
13557
13563
13566
13569
13571
13573
13577
13586
13588
13594
13595
13599
13604
13605
13607
13607
13609
13612
13616
13617
13617
13617
13620
13624
13624
13625
13627
13628
13629
13629
13640
13641
13646
13649
13652
13661
13662
13663
13667
13669
13671
13671
13673
13676
13676
13680
13688
13693
13695
13695
13696
13696
13700
13704
13708
13709
13712
13713
13714
13723
13724
13724
13724
13725
13726
13727
13732
13733
13736
13737
13740
13741
13744
13745
13749
13754
13759
13767
13780
13788
13790
13794
13795
13801
13805
13809
13810
13815
13822
13824
13825
13829
13832
13832
13834
13836
13838
13843
13849
13852
13861
13861
13863
13865
13865
13867
13868
13869
13875
13879
13880
13886
13887
13887
13895
13895
13898
13898
13901
13905
13907
13909
13909
13909
13912
13913
13919
13922
13923
13926
13928
13931
13936
13938
13940
13940
13944
13945
13946
13955
13956
13960
13964
13967
13970
13978
13979
13981
13982
13985
13989
13990
13990
13993
13998
14007
14009
14011
14011
14013
14013
14017
14019
14024
14025
14026
14026
14027
14027
14027
14031
14036
14036
14041
14045
14050
14056
14058
14058
14061
14065
14068
14070
14071
14075
14076
14091
14093
14094
14096
14104
14105
14109
14110
14117
14122
14123
14133
14143
14145
14147
14147
14158
14165
14167
14173
14178
14179
14180
14180
14183
14185
14187
14189
14203
14208
14212
14213
14214
14216
14217
14233
14235
14240
14243
14245
14246
14249
14250
14253
14262
14263
14264
14264
14267
14269
14270
14276
14277
14290
14293
14298
14299
14300
14303
14305
14309
14310
14314
14315
14325
14325
14328
14334
14335
14336
14339
14340
14358
14361
14364
14366
14369
14376
14377
14378
14381
14382
14391
14400
14400
14401
14401
14409
14415
14423
14423
14423
14425
14425
14429
14433
14443
14443
14446
14448
14454
14454
14467
14472
14472
14473
14474
14475
14475
14478
14478
14482
14485
14489
14491
14493
14496
14497
14500
14501
14501
14504
14524
14524
14528
14528
14531
14533
14547
14553
14559
14561
14561
14565
14576
14580
14584
14584
14585
14591
14593
14594
14600
14603
14607
14615
14617
14617
14632
14636
14639
14640
14640
14649
14654
14659
14661
14670
14671
14672
14673
14674
14687
14687
14688
14689
14691
14692
14694
14695
14697
14700
14702
14703
14705
14709
14712
14714
14716
14717
14718
14726
14731
14732
14737
14745
14755
14757
14763
14764
14768
14769
14776
14777
14778
14779
14782
14782
14786
14787
14790
14793
14797
14803
14805
14806
14807
14808
14810
14813
14818
14818
14819
14822
14823
14824
14824
14826
14828
14828
14833
14842
14846
14846
14848
14849
14850
14852
14853
14860
14861
14861
14866
14867
14868
14868
14873
14875
14880
14892
14902
14904
14904
14908
14908
14910
14913
14914
14915
14916
14922
14923
14924
14925
14930
14933
14933
14936
14938
14941
14943
14945
14947
14948
14948
14948
14952
14957
14958
14967
14968
14977
14980
14986
14986
14992
15000
15004
15007
15007
15009
15010
15013
15015
15017
15028
15028
15028
15033
15033
15034
15035
15038
15039
15041
15043
15061
15065
15066
15069
15070
15072
15073
15079
15080
15080
15089
15089
15099
15102
15112
15124
15130
15131
15132
15144
15147
15150
15157
15166
15167
15171
15171
15174
15174
15176
15179
15187
15190
15190
15192
15195
15196
15196
15200
15201
15211
15212
15215
15217
15222
15227
15228
15233
15241
15242
15244
15245
15258
15262
15266
15266
15267
15268
15269
15269
15275
15275
15275
15278
15279
15281
15284
15287
15288
15291
15291
15292
15295
15300
15306
15310
15313
15315
15321
15322
15326
15332
15338
15345
15348
15355
15357
15360
15360
15365
15365
15367
15368
15375
15376
15378
15385
15389
15393
15394
15398
15400
15400
15403
15424
15426
15430
15431
15436
15437
15438
15438
15440
15442
15445
15463
15467
15470
15472
15478
15479
15481
15484
15487
15489
15490
15492
15494
15494
15497
15498
15498
15499
15520
15520
15525
15530
15531
15533
15538
15543
15547
15551
15566
15567
15572
15573
15578
15585
15585
15585
15586
15588
15599
15602
15605
15610
15612
15618
15624
15630
15630
15636
15641
15642
15645
15647
15648
15649
15656
15657
15659
15663
15668
15668
15669
15669
15672
15676
15676
15681
15682
15683
15684
15687
15693
15695
15699
15700
15704
15707
15710
15711
15713
15714
15715
15716
15717
15721
15722
15723
15728
15731
15736
15737
15754
15757
15758
15760
15762
15762
15766
15767
15772
15792
15792
15797
15797
15800
15801
15802
15803
15808
15811
15814
15815
15816
15828
15830
15833
15850
15850
15850
15853
15855
15855
15857
15859
15863
15865
15871
15874
15876
15883
15884
15886
15893
15897
15906
15907
15913
15914
15917
15919
15920
15921
15924
15926
15927
15927
15929
15939
15939
15940
15940
15942
15946
15954
15955
15956
15956
15957
15959
15960
15963
15968
15968
15973
15980
15988
15989
15990
15991
15992
15997
15997
15997
16007
16016
16020
16026
16030
16033
16033
16034
16035
16043
16046
16048
16049
16050
16051
16052
16056
16058
16060
16066
16068
16072
16072
16073
16074
16074
16079
16084
16086
16088
16091
16097
16101
16112
16117
16120
16120
16122
16123
16130
16132
16136
16143
16143
16150
16156
16157
16157
16163
16164
16170
16170
16178
16187
16188
16195
16200
16202
16208
16210
16214
16216
16221
16223
16223
16225
16228
16240
16240
16241
16251
16255
16258
16259
16262
16265
16265
16268
16274
16275
16279
16279
16282
16284
16284
16286
16288
16290
16292
16298
16298
16299
16299
16300
16309
16310
16311
16312
16316
16318
16320
16324
16328
16334
16336
16336
16339
16343
16344
16349
16351
16353
16354
16354
16362
16362
16367
16370
16375
16378
16380
16380
16381
16381
16384
16398
16398
16404
16405
16409
16412
16416
16417
16417
16418
16419
16419
16421
16428
16428
16430
16433
16434
16435
16436
16437
16439
16439
16440
16441
16443
16447
16449
16451
16451
16452
16457
16468
16474
16476
16478
16481
16481
16484
16486
16487
16490
16492
16493
16495
16497
16497
16501
16510
16519
16520
16523
16523
16524
16528
16534
16537
16538
16541
16543
16545
16545
16548
16548
16552
16554
16556
16556
16558
16559
16564
16568
16572
16572
16572
16573
16584
16586
16587
16595
16597
16601
16604
16605
16610
16614
16626
16627
16641
16641
16643
16650
16650
16653
16661
16665
16666
16669
16672
16672
16673
16678
16678
16691
16691
16699
16702
16703
16712
16714
16719
16721
16724
16725
16726
16728
16731
16734
16736
16738
16743
16746
16752
16764
16773
16778
16779
16780
16783
16785
16787
16789
16790
16792
16794
16797
16800
16806
16807
16807
16807
16825
16831
16831
16832
16833
16834
16836
16839
16840
16843
16846
16851
16851
16851
16863
16864
16866
16869
16881
16884
16886
16887
16888
16893
16894
16895
16899
16903
16904
16905
16916
16921
16923
16930
16933
16937
16939
16939
16940
16949
16952
16952
16970
16975
16978
16978
16983
16983
16985
16985
16992
17000
17001
17003
17005
17008
17008
17009
17014
17015
17015
17018
17021
17028
17029
17030
17031
17039
17040
17041
17042
17045
17048
17051
17056
17057
17062
17067
17067
17068
17069
17077
17078
17082
17089
17093
17093
17097
17101
17103
17103
17105
17105
17105
17111
17112
17113
17114
17118
17122
17122
17124
17126
17127
17130
17136
17138
17139
17140
17144
17145
17145
17155
17171
17172
17174
17174
17178
17189
17192
17193
17197
17201
17202
17204
17205
17206
17206
17210
17217
17218
17224
17226
17233
17234
17238
17241
17246
17250
17250
17255
17256
17260
17260
17262
17263
17263
17268
17268
17280
17280
17281
17281
17283
17286
17287
17290
17299
17299
17299
17308
17309
17313
17314
17315
17318
17318
17319
17321
17321
17322
17327
17328
17332
17338
17341
17342
17343
17348
17352
17354
17356
17357
17363
17364
17372
17376
17378
17379
17380
17382
17384
17386
17386
17389
17392
17401
17401
17402
17405
17409
17411
17413
17419
17420
17421
17428
17432
17435
17446
17455
17457
17458
17464
17466
17470
17472
17473
17481
17485
17489
17492
17495
17511
17512
17518
17524
17528
17532
17538
17540
17540
17542
17549
17552
17553
17555
17555
17558
17563
17566
17568
17570
17571
17573
17577
17584
17601
17603
17603
17610
17611
17615
17617
17619
17623
17630
17638
17639
17639
17647
17647
17655
17658
17661
17661
17661
17673
17678
17685
17686
17686
17688
17688
17690
17690
17691
17693
17693
17694
17699
17709
17709
17712
17713
17713
17717
17729
17730
17734
17734
17736
17737
17739
17740
17745
17753
17759
17762
17766
17766
17767
17767
17769
17770
17770
17781
17793
17796
17798
17798
17799
17800
17803
17803
17809
17810
17815
17820
17821
17821
17829
17830
17830
17839
17843
17847
17848
17851
17852
17853
17859
17861
17864
17866
17868
17878
17879
17889
17889
17890
17890
17904
17908
17910
17912
17915
17917
17923
17924
17926
17927
17930
17938
17940
17947
17948
17949
17951
17956
17962
17963
17971
17972
17978
17984
17984
17990
18019
18029
18032
18035
18040
18042
18042
18047
18048
18049
18066
18067
18070
18074
18085
18090
18100
18100
18103
18103
18107
18124
18125
18127
18129
18136
18141
18146
18147
18149
18150
18158
18159
18160
18161
18170
18176
18177
18184
18189
18190
18193
18194
18197
18197
18199
18199
18201
18205
18207
18209
18221
18223
18225
18231
18236
18242
18242
18242
18246
18246
18255
18260
18263
18267
18268
18269
18270
18272
18274
18276
18277
18279
18279
18281
18284
18284
18285
18287
18287
18289
18289
18294
18298
18300
18300
18306
18308
18310
18313
18318
18332
18336
18343
18345
18351
18353
18363
18364
18368
18369
18369
18370
18370
18370
18379
18379
18380
18386
18390
18405
18407
18410
18410
18413
18417
18419
18426
18432
18434
18435
18436
18437
18440
18443
18445
18450
18451
18451
18452
18452
18452
18453
18454
18459
18459
18461
18462
18466
18469
18470
18475
18477
18477
18491
18493
18493
18495
18501
18503
18504
18506
18507
18507
18508
18508
18509
18524
18531
18532
18533
18535
18536
18539
18543
18548
18549
18549
18552
18555
18556
18560
18562
18564
18569
18571
18573
18574
18583
18598
18603
18603
18607
18618
18624
18626
18627
18630
18633
18636
18644
18646
18649
18650
18651
18654
18654
18656
18659
18662
18663
18663
18664
18669
18672
18679
18693
18695
18696
18700
18700
18700
18711
18715
18718
18719
18724
18732
18732
18736
18738
18739
18740
18741
18744
18749
18757
18759
18759
18760
18760
18761
18762
18765
18767
18768
18768
18769
18773
18774
18777
18782
18788
18788
18788
18791
18796
18797
18800
18800
18800
18800
18801
18802
18813
18813
18814
18814
18817
18820
18824
18825
18827
18828
18833
18837
18844
18850
18852
18863
18864
18865
18873
18873
18876
18879
18890
18892
18892
18899
18899
18899
18900
18902
18906
18906
18913
18914
18919
18925
18933
18945
18949
18951
18960
18962
18968
18969
18987
18989
18991
18993
18995
18996
18997
18999
19002
19004
19005
19007
19008
19012
19014
19016
19018
19021
19022
19023
19026
19034
19036
19039
19040
19042
19046
19046
19053
19054
19063
19064
19079
19084
19089
19092
19097
19098
19098
19098
19099
19107
19113
19121
19121
19126
19128
19132
19136
19142
19143
19145
19152
19160
19162
19167
19170
19173
19174
19178
19179
19183
19184
19184
19188
19190
19190
19194
19198
19205
19206
19212
19213
19213
19222
19223
19234
19241
19243
19246
19253
19257
19259
19263
19270
19271
19272
19277
19287
19288
19290
19293
19293
19296
19303
19307
19308
19311
19315
19319
19327
19335
19337
19338
19339
19343
19347
19351
19361
19370
19372
19375
19379
19381
19382
19389
19412
19412
19412
19414
19415
19424
19426
19430
19435
19445
19452
19461
19469
19472
19476
19477
19477
19483
19484
19484
19490
19490
19494
19495
19498
19499
19501
19501
19510
19514
19515
19516
19517
19519
19519
19524
19525
19525
19529
19532
19534
19536
19541
19552
19554
19559
19560
19562
19567
19571
19571
19574
19575
19577
19578
19579
19581
19581
19582
19582
19582
19588
19589
19590
19594
19594
19594
19600
19603
19603
19606
19606
19609
19612
19613
19614
19626
19626
19633
19634
19637
19637
19638
19638
19639
19644
19648
19651
19657
19658
19662
19665
19667
19667
19670
19672
19678
19682
19684
19687
19687
19688
19691
19695
19701
19706
19709
19711
19713
19716
19721
19721
19723
19724
19731
19735
19735
19741
19745
19747
19764
19767
19770
19778
19778
19780
19782
19784
19786
19787
19794
19800
19808
19810
19814
19816
19823
19826
19828
19830
19834
19844
19847
19849
19851
19859
19866
19870
19877
19882
19886
19886
19895
19901
19906
19910
19918
19920
19922
19922
19929
19933
19934
19936
19938
19939
19941
19942
19942
19944
19946
19949
19949
19950
19952
19953
19954
19959
19977
19986
19990
19991
19995
20000
20003
20004
20004
20005
20005
20016
20020
20022
20023
20033
20033
20037
20040
20053
20059
20059
20061
20063
20065
20066
20067
20070
20076
20081
20081
20083
20086
20089
20090
20094
20095
20096
20100
20110
20115
20116
20118
20127
20133
20136
20137
20138
20141
20141
20143
20146
20154
20156
20158
20162
20166
20170
20171
20173
20175
20179
20179
20181
20190
20191
20195
20197
20212
20223
20226
20230
20232
20232
20234
20234
20236
20236
20241
20245
20246
20246
20247
20250
20260
20263
20269
20270
20276
20292
20299
20301
20302
20304
20307
20308
20312
20313
20313
20318
20319
20320
20321
20322
20323
20325
20326
20327
20329
20329
20331
20341
20344
20347
20360
20365
20367
20371
20374
20376
20380
20387
20388
20389
20389
20389
20391
20392
20394
20405
20414
20418
20418
20426
20433
20436
20436
20437
20437
20441
20441
20441
20447
20453
20456
20457
20460
20466
20467
20467
20469
20476
20477
20479
20483
20484
20485
20485
20489
20505
20507
20510
20513
20516
20519
20524
20527
20528
20542
20544
20549
20550
20554
20555
20556
20556
20565
20565
20565
20571
20573
20574
20575
20576
20582
20582
20583
20585
20585
20593
20594
20594
20600
20603
20608
20624
20626
20626
20630
20630
20641
20649
20654
20658
20659
20661
20668
20672
20678
20684
20689
20691
20692
20698
20701
20707
20711
20712
20714
20718
20720
20720
20726
20735
20736
20736
20742
20745
20748
20748
20748
20749
20750
20754
20759
20760
20760
20762
20763
20764
20764
20766
20766
20770
20771
20778
20789
20790
20790
20791
20801
20805
20810
20818
20818
20822
20825
20827
20830
20833
20836
20846
20851
20867
20871
20872
20875
20879
20879
20883
20890
20894
20897
20903
20904
20910
20912
20914
20916
20917
20921
20922
20923
20930
20938
20941
20944
20949
20951
20952
20954
20963
20968
20968
20970
20971
20971
20971
20972
20981
20985
20986
20990
20990
20991
20995
21002
21017
21018
21018
21021
21023
21028
21029
21029
21031
21042
21042
21047
21048
21055
21063
21065
21071
21078
21081
21081
21087
21090
21091
21093
21109
21110
21112
21116
21120
21126
21133
21134
21138
21142
21142
21144
21145
21153
21156
21159
21160
21161
21164
21165
21167
21169
21171
21181
21182
21183
21186
21192
21201
21204
21213
21214
21226
21227
21232
21236
21236
21237
21242
21243
21246
21251
21254
21256
21261
21263
21264
21266
21269
21279
21282
21283
21288
21297
21298
21304
21304
21305
21305
21308
21308
21310
21310
21312
21315
21318
21323
21323
21324
21326
21330
21331
21333
21336
21343
21343
21348
21349
21357
21362
21369
21377
21378
21392
21393
21397
21400
21403
21406
21408
21415
21424
21424
21432
21433
21434
21435
21436
21438
21443
21444
21451
21452
21452
21453
21453
21465
21466
21467
21476
21477
21479
21485
21502
21502
21505
21510
21515
21515
21517
21518
21519
21520
21522
21523
21529
21531
21533
21533
21542
21546
21553
21554
21556
21573
21574
21577
21578
21579
21585
21592
21594
21595
21595
21599
21607
21609
21610
21615
21616
21623
21644
21651
21654
21656
21659
21663
21667
21671
21672
21679
21689
21696
21698
21699
21700
21701
21701
21708
21711
21712
21713
21715
21716
21725
21726
21730
21731
21732
21738
21738
21739
21740
21745
21748
21756
21760
21761
21763
21763
21763
21764
21766
21767
21769
21770
21771
21772
21774
21774
21777
21779
21781
21782
21784
21797
21797
21804
21806
21822
21823
21829
21839
21840
21849
21851
21856
21862
21866
21879
21880
21881
21885
21889
21898
21898
21901
21907
21910
21910
21912
21913
21913
21918
21919
21920
21926
21932
21934
21946
21946
21954
21954
21957
21958
21960
21963
21967
21969
21969
21969
21970
21980
21986
21989
21992
22000
22000
22006
22014
22014
22024
22024
22026
22027
22027
22028
22029
22032
22033
22035
22036
22039
22041
22043
22045
22047
22049
22051
22051
22051
22051
22054
22055
22055
22058
22067
22070
22076
22077
22079
22082
22087
22093
22094
22097
22097
22101
22103
22104
22104
22107
22110
22111
22112
22112
22115
22118
22125
22134
22135
22137
22138
22141
22146
22147
22151
22151
22152
22152
22153
22155
22158
22166
22166
22174
22174
22178
22179
22182
22188
22191
22202
22207
22208
22209
22219
22220
22221
22223
22226
22227
22228
22229
22232
22233
22233
22237
22240
22250
22251
22254
22259
22259
22262
22267
22267
22268
22269
22272
22272
22273
22276
22279
22289
22293
22293
22295
22299
22302
22305
22310
22312
22314
22317
22317
22318
22318
22318
22321
22329
22337
22337
22338
22340
22341
22342
22344
22345
22347
22348
22354
22364
22369
22370
22372
22380
22382
22386
22388
22389
22391
22394
22394
22395
22395
22397
22397
22397
22400
22402
22415
22422
22427
22428
22439
22440
22440
22446
22449
22453
22463
22472
22474
22477
22479
22482
22484
22485
22486
22488
22500
22500
22501
22503
22504
22513
22518
22524
22528
22528
22531
22532
22545
22547
22553
22554
22559
22565
22566
22568
22573
22574
22577
22578
22579
22580
22582
22586
22595
22598
22598
22599
22605
22606
22608
22610
22612
22615
22624
22626
22628
22633
22638
22638
22638
22646
22647
22649
22651
22657
22660
22661
22669
22670
22676
22677
22677
22684
22685
22691
22702
22706
22706
22718
22718
22721
22721
22722
22730
22738
22741
22745
22746
22748
22752
22756
22759
22764
22764
22764
22779
22781
22781
22782
22783
22788
22796
22797
22800
22802
22806
22807
22815
22817
22824
22824
22826
22840
22859
22864
22864
22866
22870
22874
22875
22875
22877
22881
22884
22892
22892
22894
22895
22895
22898
22900
22909
22915
22920
22923
22924
22929
22933
22935
22937
22939
22940
22942
22943
22943
22945
22948
22951
22951
22955
22957
22964
22966
22971
22973
22974
22980
22983
22983
22985
23005
23008
23008
23010
23013
23018
23024
23028
23033
23034
23038
23039
23040
23049
23057
23057
23059
23063
23065
23066
23070
23072
23076
23089
23092
23095
23095
23098
23099
23100
23119
23121
23121
23121
23128
23133
23134
23136
23139
23139
23144
23148
23149
23152
23159
23160
23172
23175
23179
23182
23186
23186
23190
23195
23204
23205
23206
23211
23215
23215
23217
23219
23223
23224
23229
23231
23240
23248
23249
23250
23250
23253
23253
23260
23261
23261
23264
23267
23270
23276
23277
23288
23289
23290
23292
23299
23299
23301
23307
23310
23311
23319
23324
23325
23325
23330
23339
23341
23342
23343
23344
23344
23358
23363
23366
23367
23371
23374
23378
23388
23389
23396
23403
23403
23407
23411
23420
23421
23426
23432
23432
23435
23441
23442
23442
23445
23446
23449
23450
23457
23457
23460
23460
23462
23466
23467
23472
23475
23476
23483
23486
23489
23490
23496
23503
23504
23504
23511
23515
23518
23519
23524
23525
23525
23526
23528
23536
23538
23538
23541
23543
23544
23546
23547
23548
23549
23550
23551
23552
23556
23562
23572
23573
23579
23579
23582
23584
23599
23600
23605
23608
23608
23609
23611
23615
23627
23628
23631
23639
23643
23643
23646
23647
23652
23654
23657
23659
23664
23664
23664
23682
23683
23692
23694
23695
23696
23698
23701
23703
23703
23706
23708
23717
23717
23720
23723
23724
23726
23735
23738
23749
23755
23760
23760
23772
23776
23777
23778
23779
23787
23789
23789
23789
23792
23793
23796
23798
23798
23799
23810
23816
23819
23832
23834
23838
23855
23862
23865
23866
23873
23876
23885
23887
23892
23893
23893
23894
23897
23897
23898
23899
23903
23903
23903
23904
23908
23909
23911
23914
23918
23921
23922
23923
23924
23930
23932
23934
23942
23944
23946
23946
23946
23952
23955
23958
23960
23972
23974
23976
23977
23983
23986
23990
23998
24003
24006
24007
24010
24019
24022
24022
24023
24032
24035
24038
24053
24054
24064
24065
24066
24073
24073
24075
24080
24082
24085
24085
24089
24090
24091
24097
24099
24100
24101
24104
24105
24112
24116
24118
24122
24131
24136
24137
24141
24144
24146
24148
24149
24154
24156
24164
24166
24171
24173
24182
24183
24184
24186
24186
24191
24196
24198
24199
24207
24207
24215
24219
24223
24234
24235
24238
24245
24250
24254
24259
24264
24265
24266
24269
24277
24288
24290
24291
24294
24295
24297
24306
24307
24308
24308
24312
24319
24320
24325
24325
24327
24330
24333
24335
24336
24343
24349
24351
24353
24353
24355
24360
24367
24369
24370
24371
24374
24378
24385
24392
24393
24397
24401
24404
24407
24413
24414
24420
24425
24431
24439
24444
24445
24450
24451
24464
24466
24473
24478
24484
24488
24491
24493
24495
24495
24499
24503
24516
24518
24525
24527
24529
24530
24531
24534
24535
24536
24546
24548
24555
24557
24563
24564
24565
24567
24569
24574
24580
24581
24586
24588
24593
24593
24593
24594
24596
24596
24597
24601
24604
24612
24620
24623
24631
24633
24637
24638
24643
24643
24649
24656
24664
24667
24668
24672
24674
24676
24676
24682
24683
24683
24685
24700
24701
24715
24719
24722
24724
24725
24740
24742
24750
24761
24762
24767
24767
24770
24773
24786
24787
24798
24804
24804
24808
24813
24813
24815
24824
24824
24825
24827
24832
24832
24835
24836
24846
24857
24864
24868
24869
24882
24882
24883
24892
24894
24896
24905
24906
24912
24913
24913
24933
24934
24940
24943
24945
24947
24947
24954
24957
24958
24959
24979
24981
24987
24993
24996
24998
25000
25000
25001
25012
25015
25017
25021
25025
25035
25042
25046
25065
25068
25076
25077
25078
25084
25088
25089
25092
25097
25098
25101
25119
25120
25123
25126
25129
25132
25133
25135
25147
25148
25154
25157
25157
25163
25166
25172
25173
25175
25177
25179
25181
25184
25185
25185
25186
25192
25193
25200
25216
25223
25230
25237
25237
25241
25242
25247
25247
25252
25253
25253
25258
25259
25259
25266
25266
25266
25267
25274
25282
25282
25290
25295
25297
25297
25299
25299
25301
25301
25303
25308
25309
25313
25313
25317
25323
25326
25329
25335
25341
25343
25354
25356
25358
25359
25361
25367
25379
25382
25387
25389
25389
25391
25391
25394
25399
25400
25410
25413
25427
25428
25428
25435
25442
25445
25445
25461
25470
25471
25472
25477
25478
25478
25482
25487
25491
25499
25501
25501
25505
25505
25506
25506
25510
25514
25515
25520
25523
25531
25532
25533
25535
25538
25538
25540
25543
25557
25561
25562
25568
25568
25570
25570
25577
25582
25590
25591
25591
25595
25598
25602
25607
25608
25617
25622
25623
25624
25629
25643
25645
25646
25649
25661
25666
25667
25667
25667
25669
25673
25675
25676
25678
25682
25685
25686
25686
25692
25692
25692
25693
25694
25694
25694
25695
25695
25702
25706
25707
25710
25711
25712
25714
25723
25729
25731
25735
25738
25740
25740
25749
25749
25751
25753
25757
25771
25773
25778
25789
25797
25798
25799
25805
25805
25815
25825
25825
25827
25831
25834
25834
25834
25838
25838
25840
25841
25844
25845
25845
25849
25849
25853
25853
25854
25856
25857
25862
25871
25872
25873
25874
25874
25878
25885
25886
25887
25890
25896
25897
25899
25900
25904
25905
25906
25906
25911
25917
25917
25922
25924
25925
25937
25940
25942
25943
25947
25949
25952
25954
25956
25957
25958
25961
25963
25968
25969
25973
25979
25984
25989
25989
25990
25991
25991
25996
25997
25999
26003
26003
26003
26007
26013
26016
26017
26018
26025
26028
26040
26041
26046
26047
26047
26056
26060
26072
26074
26079
26082
26086
26088
26093
26094
26096
26099
26107
26110
26117
26120
26122
26133
26140
26141
26142
26143
26144
26148
26149
26153
26154
26154
26156
26156
26157
26157
26172
26173
26173
26174
26175
26176
26177
26179
26180
26181
26184
26184
26194
26203
26206
26213
26215
26218
26221
26232
26233
26240
26246
26247
26248
26248
26252
26252
26257
26258
26258
26263
26266
26266
26267
26277
26283
26284
26286
26287
26301
26306
26307
26314
26316
26320
26322
26324
26330
26330
26331
26335
26340
26342
26343
26349
26349
26350
26354
26368
26368
26372
26374
26376
26378
26380
26385
26386
26388
26389
26392
26396
26405
26414
26417
26418
26423
26423
26426
26428
26436
26438
26440
26446
26447
26447
26448
26449
26452
26456
26458
26458
26467
26467
26471
26474
26476
26477
26480
26480
26480
26485
26486
26487
26487
26488
26492
26492
26495
26498
26500
26502
26508
26510
26513
26513
26514
26514
26519
26523
26526
26526
26529
26530
26532
26533
26538
26542
26543
26546
26546
26563
26567
26568
26569
26569
26570
26572
26574
26577
26578
26579
26583
26587
26595
26599
26600
26600
26601
26606
26611
26617
26618
26624
26630
26630
26633
26636
26648
26663
26666
26667
26668
26671
26671
26676
26681
26685
26686
26686
26689
26692
26692
26701
26702
26703
26704
26706
26707
26719
26721
26725
26726
26727
26729
26741
26742
26745
26756
26758
26761
26766
26768
26773
26776
26777
26779
26792
26792
26796
26800
26800
26803
26804
26805
26806
26811
26814
26814
26814
26816
26819
26820
26822
26822
26823
26830
26831
26835
26836
26837
26841
26851
26851
26861
26861
26868
26869
26869
26871
26876
26888
26890
26893
26895
26895
26899
26900
26904
26911
26911
26912
26912
26917
26920
26927
26927
26929
26935
26936
26942
26947
26949
26950
26953
26956
26956
26965
26966
26970
26971
26975
26979
26980
26984
26985
26985
26988
26989
27002
27003
27004
27006
27006
27010
27015
27020
27024
27028
27040
27041
27057
27061
27062
27063
27063
27065
27068
27070
27071
27074
27079
27080
27083
27088
27089
27090
27090
27092
27097
27097
27099
27103
27104
27105
27108
27110
27113
27117
27119
27120
27120
27130
27137
27140
27143
27143
27149
27160
27160
27160
27163
27166
27166
27168
27169
27173
27176
27176
27177
27177
27182
27188
27192
27196
27197
27203
27210
27213
27218
27224
27226
27229
27229
27230
27234
27234
27241
27242
27247
27247
27249
27250
27250
27253
27256
27259
27260
27261
27265
27267
27273
27274
27274
27283
27284
27289
27290
27291
27295
27303
27304
27307
27311
27315
27315
27317
27318
27319
27320
27324
27326
27327
27329
27333
27334
27340
27342
27342
27343
27344
27347
27347
27354
27367
27369
27370
27370
27374
27377
27377
27383
27390
27401
27406
27407
27417
27423
27429
27430
27431
27432
27435
27443
27444
27444
27444
27447
27449
27452
27458
27461
27461
27462
27463
27471
27473
27483
27485
27485
27486
27490
27493
27493
27497
27502
27504
27509
27512
27517
27518
27519
27522
27525
27527
27528
27529
27535
27544
27554
27556
27556
27559
27560
27562
27564
27564
27565
27570
27571
27575
27585
27586
27596
27606
27610
27612
27616
27620
27620
27629
27634
27636
27643
27646
27652
27659
27662
27668
27675
27687
27691
27691
27700
27701
27702
27705
27706
27707
27709
27723
27725
27727
27729
27731
27732
27732
27738
27738
27739
27739
27746
27747
27748
27749
27753
27764
27766
27768
27772
27772
27780
27787
27788
27789
27795
27796
27796
27798
27800
27803
27805
27806
27810
27814
27814
27822
27822
27826
27837
27842
27844
27848
27852
27853
27855
27857
27857
27860
27862
27862
27864
27869
27881
27887
27890
27890
27890
27890
27899
27901
27907
27908
27909
27911
27917
27921
27924
27929
27931
27933
27934
27936
27938
27939
27940
27944
27945
27946
27959
27959
27966
27969
27975
27978
27981
27983
27986
27997
27997
27997
28001
28002
28003
28008
28018
28021
28021
28022
28023
28023
28026
28035
28042
28044
28049
28050
28051
28061
28064
28065
28068
28069
28072
28072
28073
28074
28075
28077
28080
28081
28087
28088
28094
28097
28097
28097
28099
28103
28103
28113
28113
28114
28116
28120
28123
28129
28130
28138
28138
28141
28141
28141
28148
28153
28154
28168
28175
28182
28183
28185
28186
28187
28187
28189
28191
28194
28199
28200
28201
28204
28209
28212
28213
28214
28215
28218
28224
28226
28227
28229
28230
28233
28237
28238
28242
28242
28243
28250
28251
28251
28254
28261
28264
28268
28276
28283
28283
28285
28286
28289
28294
28297
28300
28301
28303
28304
28304
28309
28312
28313
28319
28321
28322
28325
28326
28328
28329
28330
28333
28340
28343
28344
28346
28347
28349
28351
28355
28362
28363
28367
28368
28373
28385
28389
28390
28390
28391
28393
28393
28410
28414
28421
28424
28424
28426
28426
28427
28427
28432
28433
28434
28435
28436
28440
28443
28443
28445
28452
28458
28462
28467
28471
28471
28471
28480
28482
28483
28485
28486
28489
28491
28491
28495
28496
28501
28501
28503
28505
28507
28510
28515
28530
28531
28532
28534
28539
28542
28550
28551
28560
28567
28569
28572
28572
28574
28579
28581
28583
28585
28588
28591
28591
28596
28604
28605
28607
28608
28609
28616
28623
28626
28627
28631
28633
28637
28640
28643
28645
28647
28647
28648
28653
28655
28662
28677
28678
28679
28679
28681
28684
28686
28688
28688
28688
28691
28691
28697
28699
28700
28700
28707
28707
28709
28709
28713
28727
28732
28735
28736
28741
28742
28751
28751
28752
28757
28759
28764
28765
28766
28772
28773
28776
28779
28781
28784
28785
28785
28790
28791
28792
28797
28798
28800
28805
28806
28810
28811
28815
28821
28829
28830
28830
28831
28831
28842
28843
28845
28846
28849
28849
28861
28864
28867
28871
28872
28875
28882
28885
28887
28890
28891
28898
28898
28902
28904
28916
28917
28919
28919
28926
28943
28945
28946
28946
28952
28953
28953
28955
28958
28960
28965
28967
28969
28969
28977
28978
28984
28985
28991
29003
29004
29005
29011
29011
29011
29013
29014
29017
29025
29028
29029
29034
29035
29035
29038
29039
29048
29052
29055
29065
29065
29067
29071
29073
29075
29080
29080
29080
29085
29086
29093
29096
29098
29102
29104
29105
29105
29108
29108
29111
29117
29127
29128
29130
29130
29130
29137
29142
29142
29142
29147
29148
29150
29150
29154
29154
29159
29163
29163
29169
29181
29185
29189
29190
29204
29204
29214
29215
29222
29223
29225
29230
29232
29233
29238
29239
29246
29248
29251
29251
29252
29258
29264
29266
29269
29271
29272
29274
29278
29278
29280
29280
29283
29283
29285
29287
29293
29299
29307
29319
29321
29326
29327
29331
29332
29335
29337
29344
29350
29354
29356
29358
29362
29365
29366
29368
29378
29379
29385
29387
29389
29391
29398
29402
29408
29412
29416
29416
29417
29419
29423
29428
29430
29431
29432
29433
29439
29440
29442
29442
29444
29444
29456
29460
29465
29467
29468
29470
29473
29474
29477
29481
29484
29486
29486
29487
29487
29489
29492
29498
29500
29501
29503
29504
29515
29519
29535
29536
29540
29541
29552
29559
29560
29561
29564
29564
29565
29568
29571
29571
29571
29573
29574
29577
29577
29577
29579
29580
29582
29583
29584
29584
29586
29587
29592
29594
29596
29596
29597
29598
29617
29622
29626
29630
29632
29634
29636
29637
29649
29651
29652
29661
29662
29665
29668
29676
29676
29677
29678
29679
29683
29686
29688
29691
29694
29696
29696
29697
29697
29697
29701
29709
29709
29711
29712
29713
29715
29716
29722
29723
29723
29723
29725
29726
29727
29728
29731
29736
29739
29742
29745
29746
29747
29747
29754
29755
29770
29772
29774
29779
29787
29792
29793
29796
29799
29804
29818
29819
29821
29825
29828
29835
29839
29840
29840
29843
29844
29848
29848
29858
29859
29863
29863
29864
29865
29871
29872
29879
29881
29888
29889
29891
29891
29894
29895
29899
29903
29908
29916
29921
29925
29928
29929
29932
29935
29937
29940
29942
29945
29948
29950
29951
29955
29955
29956
29957
29962
29968
29980
29980
29984
29984
29984
29991
29992
29994
29996
30003
30005
30005
30008
30013
30015
30021
30021
30025
30026
30028
30033
30039
30041
30049
30051
30051
30051
30052
30056
30057
30064
30068
30073
30074
30075
30076
30076
30081
30089
30095
30098
30099
30103
30112
30117
30119
30121
30121
30121
30125
30125
30126
30132
30134
30135
30137
30138
30140
30142
30143
30146
30146
30149
30158
30159
30164
30169
30170
30171
30173
30174
30174
30179
30182
30182
30184
30186
30194
30196
30198
30199
30202
30204
30205
30217
30218
30219
30221
30224
30227
30236
30243
30244
30249
30252
30253
30258
30258
30262
30264
30265
30268
30270
30274
30278
30279
30289
30289
30296
30300
30303
30303
30304
30306
30310
30311
30314
30316
30321
30335
30339
30343
30348
30348
30350
30355
30358
30372
30372
30378
30382
30383
30384
30386
30389
30394
30395
30398
30398
30398
30399
30399
30401
30408
30418
30419
30419
30421
30424
30426
30430
30435
30440
30441
30441
30442
30449
30450
30462
30467
30471
30472
30473
30478
30480
30486
30493
30495
30496
30500
30506
30510
30510
30522
30529
30531
30536
30538
30542
30546
30553
30566
30575
30576
30582
30583
30585
30588
30594
30606
30615
30616
30619
30621
30630
30631
30637
30641
30644
30644
30645
30646
30653
30654
30654
30663
30664
30670
30671
30677
30680
30685
30688
30690
30696
30699
30699
30701
30702
30712
30715
30719
30720
30723
30728
30733
30749
30754
30760
30761
30768
30770
30776
30782
30792
30800
30801
30804
30810
30821
30826
30827
30831
30831
30846
30848
30848
30856
30865
30865
30870
30870
30870
30873
30874
30877
30882
30884
30885
30887
30891
30896
30899
30900
30908
30914
30916
30919
30921
30921
30925
30926
30929
30932
30938
30939
30956
30959
30961
30965
30968
30971
30972
30976
30981
30993
30993
30993
30994
30997
31001
31006
31010
31014
31016
31017
31019
31023
31026
31027
31028
31028
31032
31038
31040
31041
31045
31046
31058
31067
31067
31068
31078
31079
31081
31084
31093
31098
31099
31099
31104
31110
31111
31111
31112
31114
31115
31119
31120
31122
31126
31127
31128
31129
31131
31142
31142
31143
31146
31160
31163
31164
31167
31169
31171
31172
31172
31173
31174
31175
31176
31179
31182
31184
31185
31187
31190
31191
31192
31198
31199
31202
31213
31217
31222
31224
31228
31230
31231
31235
31239
31240
31243
31244
31248
31259
31267
31267
31271
31271
31274
31275
31278
31280
31283
31287
31292
31295
31295
31297
31298
31299
31301
31301
31302
31302
31305
31305
31307
31308
31309
31309
31311
31311
31314
31317
31319
31322
31336
31339
31358
31362
31364
31368
31369
31372
31373
31374
31374
31383
31387
31389
31390
31392
31392
31395
31405
31405
31415
31420
31428
31431
31433
31441
31445
31447
31447
31452
31456
31457
31460
31466
31473
31477
31478
31491
31491
31492
31493
31495
31495
31496
31497
31497
31497
31506
31506
31520
31524
31530
31535
31537
31540
31543
31545
31546
31551
31555
31558
31561
31562
31563
31564
31567
31570
31571
31572
31573
31576
31577
31579
31581
31592
31595
31595
31596
31600
31601
31604
31607
31609
31618
31620
31622
31622
31624
31629
31634
31638
31639
31645
31645
31648
31649
31650
31652
31653
31662
31662
31667
31667
31668
31678
31680
31681
31682
31685
31688
31689
31690
31693
31694
31698
31706
31706
31707
31710
31713
31713
31717
31721
31724
31730
31737
31738
31739
31743
31744
31757
31762
31769
31769
31771
31772
31777
31777
31787
31787
31791
31795
31796
31801
31801
31808
31810
31812
31813
31815
31817
31819
31827
31829
31830
31830
31831
31832
31835
31836
31849
31858
31863
31867
31868
31870
31874
31876
31877
31880
31884
31888
31896
31897
31899
31902
31905
31910
31910
31911
31911
31914
31915
31916
31920
31931
31946
31947
31953
31959
31960
31960
31960
31962
31966
31979
31982
31983
31983
31984
31987
31988
31995
32004
32005
32013
32014
32022
32029
32030
32034
32041
32044
32045
32045
32048
32052
32052
32052
32053
32057
32064
32069
32071
32073
32079
32086
32086
32090
32092
32094
32098
32099
32107
32108
32113
32114
32115
32126
32129
32131
32136
32136
32139
32140
32143
32144
32144
32146
32149
32149
32151
32152
32155
32161
32170
32173
32173
32173
32175
32178
32184
32191
32197
32198
32198
32200
32201
32214
32217
32227
32227
32229
32229
32236
32236
32246
32246
32248
32253
32253
32254
32257
32257
32264
32271
32273
32275
32276
32283
32285
32294
32298
32301
32303
32306
32314
32315
32323
32325
32330
32332
32336
32341
32347
32347
32348
32348
32352
32354
32362
32367
32369
32373
32376
32379
32379
32381
32382
32388
32397
32398
32400
32405
32407
32410
32412
32412
32413
32419
32420
32420
32421
32423
32429
32431
32432
32435
32443
32443
32451
32451
32455
32455
32457
32458
32460
32461
32461
32462
32463
32464
32471
32472
32474
32484
32487
32488
32491
32500
32501
32509
32510
32512
32514
32516
32522
32524
32528
32531
32541
32541
32541
32542
32542
32543
32545
32545
32551
32552
32554
32576
32578
32579
32582
32585
32591
32592
32598
32602
32604
32604
32607
32608
32613
32617
32622
32625
32626
32628
32628
32633
32639
32641
32642
32646
32649
32662
32663
32666
32678
32681
32682
32682
32692
32692
32694
32708
32711
32720
32729
32731
32740
32742
32743
32746
32748
32750
32755
32759
32760
32767
